Hour	01/2013	02/2013	03/2013	04/2013	05/2013	06/2013	07/2013	08/2013	09/2013	10/2013	11/2013	12/2013	01/2014	02/2014	03/2014	04/2014	05/2014	06/2014	07/2014	08/2014	09/2014	10/2014	11/2014	12/2014	01/2015	02/2015	03/2015	04/2015	05/2015	06/2015	07/2015	08/2015	09/2015	10/2015	11/2015	12/2015	01/2016	02/2016	03/2016	04/2016	05/2016	06/2016	07/2016	08/2016	09/2016	10/2016	11/2016	12/2016	
[UT]	[pT^2/Hz]	[pT^2/Hz]	[pT^2/Hz]	[pT^2/Hz]	[pT^2/Hz]	[pT^2/Hz]	[pT^2/Hz]	[pT^2/Hz]	[pT^2/Hz]	[pT^2/Hz]	[pT^2/Hz]	[pT^2/Hz]	[pT^2/Hz]	[pT^2/Hz]	[pT^2/Hz]	[pT^2/Hz]	[pT^2/Hz]	[pT^2/Hz]	[pT^2/Hz]	[pT^2/Hz]	[pT^2/Hz]	[pT^2/Hz]	[pT^2/Hz]	[pT^2/Hz]	[pT^2/Hz]	[pT^2/Hz]	[pT^2/Hz]	[pT^2/Hz]	[pT^2/Hz]	[pT^2/Hz]	[pT^2/Hz]	[pT^2/Hz]	[pT^2/Hz]	[pT^2/Hz]	[pT^2/Hz]	[pT^2/Hz]	[pT^2/Hz]	[pT^2/Hz]	[pT^2/Hz]	[pT^2/Hz]	[pT^2/Hz]	[pT^2/Hz]	[pT^2/Hz]	[pT^2/Hz]	[pT^2/Hz]	[pT^2/Hz]	[pT^2/Hz]	[pT^2/Hz]	
0.000	0.187	0.210	0.277	0.329	0.721	0.692	0.761	0.752	0.514	0.332	0.279	0.209	0.214	0.192	0.242	0.348	0.595	0.835	0.768	0.692	0.592	0.425	0.306	0.265	0.241	0.301	0.239	0.361	0.650	0.803	0.718	0.682	0.553	0.371	0.321	0.295	0.219	0.154	0.216	0.330	0.525	0.803	0.693	0.665	0.429	0.360	0.254	0.185	
0.167	0.181	0.191	0.288	0.333	0.627	0.678	0.730	0.772	0.484	0.316	0.282	0.201	0.195	0.191	0.258	0.339	0.561	0.766	0.758	0.706	0.582	0.405	0.299	0.250	0.232	0.291	0.237	0.365	0.622	0.791	0.688	0.735	0.512	0.369	0.333	0.286	0.213	0.162	0.222	0.350	0.527	0.800	0.693	0.621	0.428	0.348	0.252	0.186	
0.333	0.181	0.195	0.270	0.336	0.629	0.638	0.689	0.737	0.510	0.305	0.270	0.202	0.189	0.173	0.260	0.328	0.551	0.773	0.746	0.681	0.580	0.393	0.281	0.250	0.226	0.294	0.232	0.365	0.634	0.805	0.674	0.669	0.501	0.353	0.327	0.273	0.209	0.138	0.217	0.324	0.511	0.776	0.670	0.603	0.420	0.348	0.250	0.182	
0.500	0.176	0.188	0.271	0.299	0.620	0.666	0.699	0.712	0.506	0.302	0.283	0.184	0.197	0.179	0.248	0.312	0.569	0.772	0.728	0.702	0.533	0.385	0.293	0.245	0.209	0.279	0.226	0.359	0.630	0.803	0.662	0.649	0.490	0.366	0.329	0.251	0.192	0.146	0.214	0.313	0.501	0.790	0.678	0.619	0.413	0.336	0.237	0.176	
0.667	0.165	0.198	0.250	0.304	0.621	0.636	0.697	0.694	0.562	0.284	0.254	0.190	0.188	0.159	0.252	0.318	0.524	0.696	0.726	0.624	0.545	0.382	0.278	0.247	0.207	0.270	0.232	0.347	0.644	0.745	0.649	0.664	0.487	0.357	0.306	0.274	0.203	0.141	0.206	0.324	0.490	0.761	0.647	0.569	0.387	0.338	0.221	0.175	
0.833	0.172	0.180	0.270	0.328	0.609	0.606	0.662	0.696	0.481	0.290	0.273	0.177	0.196	0.171	0.255	0.332	0.533	0.747	0.715	0.600	0.528	0.380	0.266	0.217	0.199	0.248	0.219	0.357	0.644	0.724	0.648	0.693	0.459	0.357	0.286	0.253	0.196	0.135	0.195	0.329	0.499	0.704	0.639	0.590	0.390	0.319	0.213	0.163	
1.000	0.170	0.188	0.255	0.309	0.570	0.599	0.659	0.653	0.459	0.290	0.250	0.173	0.185	0.166	0.240	0.326	0.516	0.721	0.723	0.609	0.485	0.362	0.252	0.212	0.209	0.263	0.214	0.368	0.572	0.746	0.592	0.644	0.450	0.364	0.271	0.236	0.193	0.136	0.197	0.317	0.471	0.730	0.621	0.568	0.390	0.321	0.218	0.166	
1.167	0.165	0.182	0.251	0.293	0.566	0.593	0.652	0.627	0.475	0.280	0.230	0.176	0.169	0.156	0.238	0.301	0.483	0.697	0.675	0.604	0.499	0.340	0.246	0.220	0.183	0.252	0.207	0.342	0.585	0.758	0.605	0.673	0.436	0.360	0.251	0.230	0.181	0.134	0.185	0.294	0.440	0.681	0.619	0.555	0.359	0.302	0.206	0.149	
1.333	0.158	0.184	0.242	0.289	0.585	0.570	0.642	0.621	0.445	0.282	0.232	0.173	0.170	0.162	0.229	0.279	0.487	0.717	0.654	0.567	0.471	0.349	0.240	0.217	0.181	0.243	0.210	0.312	0.543	0.699	0.597	0.621	0.423	0.325	0.249	0.247	0.164	0.133	0.197	0.292	0.455	0.636	0.608	0.516	0.360	0.305	0.200	0.153	
1.500	0.158	0.181	0.238	0.293	0.544	0.594	0.608	0.619	0.461	0.256	0.228	0.169	0.166	0.153	0.217	0.286	0.462	0.664	0.644	0.556	0.432	0.334	0.236	0.218	0.173	0.242	0.200	0.327	0.529	0.681	0.561	0.585	0.421	0.301	0.252	0.232	0.162	0.139	0.194	0.301	0.419	0.666	0.604	0.505	0.350	0.283	0.200	0.150	
1.667	0.144	0.168	0.217	0.276	0.528	0.562	0.590	0.597	0.382	0.249	0.230	0.159	0.155	0.153	0.214	0.279	0.447	0.686	0.609	0.508	0.408	0.319	0.226	0.199	0.173	0.243	0.201	0.314	0.527	0.664	0.599	0.573	0.387	0.305	0.254	0.220	0.164	0.131	0.191	0.293	0.403	0.601	0.576	0.491	0.329	0.291	0.201	0.141	
1.833	0.142	0.156	0.223	0.291	0.543	0.526	0.552	0.545	0.417	0.243	0.212	0.156	0.159	0.145	0.229	0.263	0.444	0.637	0.608	0.537	0.405	0.308	0.232	0.198	0.165	0.229	0.196	0.302	0.512	0.634	0.554	0.550	0.393	0.280	0.246	0.216	0.167	0.123	0.186	0.282	0.383	0.634	0.549	0.499	0.327	0.270	0.181	0.138	
2.000	0.134	0.150	0.213	0.269	0.510	0.510	0.551	0.555	0.385	0.221	0.205	0.146	0.154	0.144	0.210	0.240	0.424	0.607	0.588	0.500	0.395	0.297	0.217	0.185	0.158	0.225	0.193	0.293	0.499	0.609	0.520	0.518	0.383	0.276	0.241	0.225	0.165	0.124	0.179	0.275	0.380	0.610	0.523	0.477	0.323	0.275	0.190	0.139	
2.167	0.138	0.149	0.204	0.255	0.468	0.543	0.517	0.562	0.384	0.222	0.197	0.148	0.142	0.137	0.198	0.250	0.387	0.588	0.584	0.468	0.375	0.284	0.214	0.187	0.152	0.208	0.189	0.292	0.469	0.614	0.525	0.527	0.344	0.272	0.231	0.208	0.159	0.119	0.168	0.266	0.374	0.599	0.498	0.450	0.308	0.248	0.185	0.135	
2.333	0.131	0.152	0.197	0.251	0.487	0.511	0.507	0.511	0.354	0.230	0.191	0.141	0.145	0.133	0.191	0.259	0.403	0.581	0.546	0.454	0.368	0.270	0.217	0.188	0.148	0.208	0.169	0.288	0.461	0.597	0.526	0.477	0.329	0.273	0.224	0.199	0.158	0.119	0.162	0.250	0.366	0.618	0.494	0.435	0.308	0.253	0.176	0.133	
2.500	0.124	0.150	0.192	0.234	0.474	0.480	0.487	0.500	0.331	0.215	0.193	0.136	0.129	0.132	0.184	0.230	0.393	0.539	0.566	0.450	0.357	0.266	0.202	0.188	0.145	0.205	0.165	0.281	0.420	0.590	0.499	0.485	0.332	0.282	0.230	0.196	0.158	0.126	0.152	0.246	0.402	0.601	0.481	0.439	0.296	0.238	0.174	0.128	
2.667	0.125	0.141	0.190	0.218	0.466	0.438	0.477	0.483	0.327	0.214	0.194	0.139	0.141	0.125	0.181	0.214	0.360	0.536	0.528	0.440	0.344	0.255	0.198	0.173	0.137	0.195	0.160	0.269	0.436	0.585	0.519	0.450	0.301	0.248	0.223	0.198	0.153	0.118	0.154	0.229	0.339	0.577	0.454	0.427	0.294	0.231	0.167	0.125	
2.833	0.125	0.139	0.187	0.218	0.447	0.461	0.484	0.477	0.313	0.218	0.190	0.133	0.134	0.129	0.171	0.214	0.358	0.511	0.517	0.405	0.331	0.254	0.187	0.183	0.147	0.185	0.148	0.270	0.409	0.562	0.469	0.421	0.294	0.257	0.223	0.192	0.154	0.122	0.147	0.236	0.315	0.531	0.435	0.396	0.285	0.234	0.161	0.125	
3.000	0.125	0.137	0.182	0.202	0.421	0.455	0.491	0.468	0.344	0.217	0.189	0.127	0.144	0.124	0.176	0.207	0.326	0.518	0.495	0.418	0.354	0.246	0.198	0.189	0.147	0.172	0.145	0.250	0.404	0.501	0.458	0.450	0.299	0.252	0.217	0.189	0.160	0.113	0.158	0.216	0.313	0.559	0.434	0.398	0.290	0.246	0.171	0.125	
3.167	0.122	0.130	0.164	0.199	0.425	0.438	0.449	0.435	0.356	0.215	0.191	0.122	0.137	0.123	0.174	0.191	0.298	0.488	0.498	0.385	0.346	0.239	0.195	0.180	0.143	0.170	0.153	0.219	0.376	0.492	0.448	0.410	0.295	0.260	0.225	0.176	0.156	0.113	0.165	0.211	0.301	0.490	0.396	0.377	0.293	0.224	0.162	0.123	
3.333	0.127	0.131	0.169	0.193	0.385	0.402	0.453	0.422	0.357	0.210	0.182	0.121	0.132	0.133	0.178	0.198	0.309	0.458	0.475	0.373	0.347	0.238	0.186	0.181	0.145	0.178	0.155	0.216	0.354	0.489	0.435	0.400	0.306	0.260	0.231	0.179	0.152	0.117	0.155	0.207	0.279	0.488	0.406	0.368	0.290	0.236	0.174	0.135	
3.500	0.120	0.125	0.161	0.196	0.373	0.457	0.451	0.419	0.368	0.222	0.193	0.121	0.132	0.121	0.177	0.209	0.297	0.443	0.465	0.367	0.322	0.251	0.190	0.183	0.136	0.165	0.156	0.222	0.334	0.464	0.418	0.381	0.312	0.259	0.227	0.179	0.152	0.110	0.159	0.207	0.290	0.477	0.392	0.361	0.322	0.231	0.170	0.128	
3.667	0.124	0.123	0.159	0.184	0.345	0.397	0.430	0.456	0.392	0.222	0.189	0.116	0.128	0.127	0.176	0.205	0.296	0.444	0.478	0.382	0.348	0.227	0.203	0.187	0.137	0.186	0.145	0.210	0.323	0.452	0.417	0.386	0.306	0.264	0.230	0.189	0.146	0.111	0.160	0.212	0.262	0.462	0.368	0.369	0.306	0.241	0.165	0.127	
3.833	0.122	0.132	0.153	0.193	0.349	0.419	0.413	0.425	0.371	0.226	0.208	0.123	0.122	0.122	0.181	0.209	0.295	0.444	0.464	0.379	0.326	0.249	0.200	0.163	0.140	0.162	0.154	0.220	0.322	0.415	0.392	0.393	0.303	0.266	0.230	0.183	0.151	0.119	0.160	0.200	0.265	0.465	0.369	0.367	0.305	0.236	0.167	0.130	
4.000	0.118	0.135	0.164	0.189	0.343	0.395	0.424	0.438	0.363	0.231	0.197	0.136	0.119	0.120	0.179	0.207	0.310	0.460	0.452	0.383	0.340	0.234	0.203	0.184	0.133	0.173	0.146	0.220	0.295	0.421	0.382	0.379	0.316	0.272	0.224	0.178	0.147	0.117	0.164	0.207	0.274	0.437	0.363	0.409	0.318	0.232	0.177	0.133	
4.167	0.124	0.134	0.161	0.196	0.347	0.388	0.423	0.441	0.325	0.249	0.203	0.128	0.119	0.127	0.178	0.220	0.306	0.428	0.450	0.396	0.342	0.240	0.203	0.187	0.145	0.167	0.148	0.204	0.306	0.422	0.386	0.408	0.305	0.270	0.234	0.175	0.144	0.123	0.162	0.204	0.277	0.437	0.407	0.428	0.303	0.232	0.180	0.131	
4.333	0.124	0.122	0.160	0.190	0.331	0.391	0.424	0.469	0.327	0.232	0.208	0.130	0.114	0.119	0.187	0.217	0.299	0.431	0.474	0.402	0.335	0.249	0.210	0.187	0.135	0.165	0.144	0.208	0.309	0.420	0.385	0.389	0.323	0.266	0.232	0.160	0.146	0.123	0.167	0.212	0.276	0.469	0.407	0.420	0.316	0.229	0.178	0.132	
4.500	0.123	0.123	0.164	0.200	0.335	0.392	0.411	0.449	0.319	0.228	0.193	0.129	0.119	0.112	0.188	0.213	0.306	0.435	0.489	0.391	0.327	0.258	0.204	0.191	0.133	0.172	0.147	0.205	0.315	0.406	0.376	0.397	0.302	0.259	0.248	0.174	0.149	0.122	0.166	0.217	0.273	0.467	0.395	0.402	0.316	0.219	0.177	0.128	
4.667	0.124	0.117	0.166	0.199	0.357	0.408	0.419	0.472	0.332	0.224	0.184	0.131	0.113	0.118	0.189	0.212	0.289	0.451	0.488	0.398	0.337	0.257	0.191	0.189	0.131	0.172	0.139	0.218	0.302	0.424	0.387	0.411	0.325	0.256	0.243	0.163	0.138	0.116	0.166	0.222	0.288	0.436	0.426	0.400	0.304	0.218	0.182	0.135	
4.833	0.119	0.120	0.166	0.198	0.333	0.388	0.430	0.439	0.314	0.239	0.191	0.132	0.112	0.121	0.188	0.196	0.308	0.457	0.497	0.405	0.337	0.252	0.206	0.191	0.129	0.176	0.149	0.238	0.290	0.413	0.372	0.417	0.324	0.258	0.235	0.161	0.142	0.108	0.168	0.212	0.294	0.471	0.430	0.416	0.326	0.224	0.176	0.125	
5.000	0.122	0.115	0.167	0.206	0.335	0.434	0.424	0.507	0.351	0.238	0.191	0.130	0.119	0.117	0.177	0.203	0.303	0.458	0.492	0.385	0.336	0.256	0.217	0.208	0.133	0.172	0.153	0.219	0.301	0.405	0.386	0.413	0.314	0.262	0.239	0.167	0.144	0.116	0.171	0.229	0.290	0.459	0.434	0.429	0.322	0.223	0.179	0.131	
5.167	0.126	0.117	0.159	0.212	0.356	0.417	0.435	0.470	0.315	0.230	0.188	0.130	0.117	0.120	0.166	0.201	0.311	0.463	0.496	0.422	0.346	0.276	0.201	0.198	0.130	0.181	0.149	0.236	0.314	0.399	0.411	0.419	0.331	0.277	0.242	0.167	0.139	0.114	0.170	0.221	0.281	0.484	0.422	0.404	0.364	0.223	0.182	0.130	
5.333	0.121	0.116	0.161	0.216	0.334	0.427	0.448	0.463	0.362	0.228	0.188	0.126	0.113	0.123	0.178	0.202	0.317	0.473	0.521	0.424	0.342	0.258	0.213	0.211	0.130	0.166	0.149	0.232	0.281	0.407	0.402	0.423	0.329	0.274	0.242	0.163	0.153	0.107	0.170	0.232	0.281	0.455	0.437	0.413	0.343	0.220	0.180	0.135	
5.500	0.121	0.111	0.152	0.234	0.339	0.426	0.460	0.493	0.356	0.234	0.187	0.134	0.128	0.115	0.168	0.208	0.333	0.466	0.522	0.450	0.353	0.261	0.213	0.199	0.131	0.165	0.149	0.219	0.303	0.406	0.394	0.423	0.342	0.284	0.232	0.177	0.142	0.113	0.165	0.221	0.290	0.466	0.449	0.408	0.332	0.218	0.187	0.134	
5.667	0.120	0.107	0.155	0.218	0.348	0.454	0.454	0.491	0.332	0.239	0.189	0.131	0.109	0.122	0.161	0.208	0.333	0.456	0.531	0.418	0.343	0.265	0.204	0.202	0.136	0.161	0.141	0.226	0.313	0.395	0.411	0.413	0.334	0.258	0.239	0.161	0.140	0.109	0.169	0.230	0.278	0.490	0.436	0.408	0.320	0.224	0.202	0.139	
5.833	0.127	0.117	0.159	0.219	0.345	0.479	0.436	0.479	0.342	0.227	0.192	0.125	0.118	0.117	0.161	0.207	0.320	0.519	0.506	0.432	0.357	0.278	0.205	0.220	0.129	0.159	0.140	0.232	0.316	0.403	0.433	0.435	0.348	0.252	0.236	0.173	0.134	0.114	0.172	0.228	0.277	0.473	0.437	0.402	0.309	0.221	0.191	0.133	
6.000	0.121	0.112	0.163	0.225	0.356	0.447	0.436	0.510	0.330	0.236	0.183	0.131	0.121	0.119	0.157	0.201	0.315	0.464	0.509	0.447	0.354	0.261	0.207	0.218	0.135	0.168	0.144	0.238	0.309	0.419	0.435	0.415	0.329	0.258	0.233	0.165	0.138	0.117	0.175	0.227	0.293	0.482	0.406	0.408	0.316	0.210	0.195	0.136	
6.167	0.123	0.111	0.157	0.214	0.349	0.464	0.439	0.486	0.317	0.230	0.187	0.124	0.116	0.115	0.157	0.193	0.320	0.465	0.517	0.465	0.367	0.264	0.206	0.205	0.135	0.163	0.146	0.233	0.325	0.429	0.449	0.428	0.336	0.266	0.236	0.167	0.140	0.112	0.174	0.210	0.301	0.492	0.423	0.403	0.299	0.222	0.186	0.132	
6.333	0.122	0.118	0.152	0.221	0.335	0.452	0.446	0.492	0.322	0.234	0.195	0.124	0.122	0.114	0.149	0.204	0.323	0.492	0.515	0.462	0.346	0.262	0.198	0.219	0.129	0.160	0.134	0.220	0.330	0.450	0.433	0.440	0.349	0.253	0.252	0.171	0.147	0.112	0.172	0.223	0.298	0.481	0.440	0.404	0.303	0.217	0.183	0.135	
6.500	0.123	0.109	0.158	0.228	0.341	0.456	0.441	0.515	0.345	0.237	0.187	0.135	0.126	0.112	0.158	0.197	0.322	0.509	0.514	0.463	0.348	0.264	0.213	0.209	0.137	0.161	0.141	0.229	0.331	0.463	0.440	0.451	0.348	0.258	0.248	0.166	0.143	0.120	0.178	0.216	0.310	0.474	0.435	0.394	0.308	0.227	0.177	0.135	
6.667	0.126	0.110	0.155	0.235	0.352	0.445	0.458	0.527	0.312	0.239	0.194	0.138	0.127	0.119	0.157	0.200	0.329	0.498	0.490	0.482	0.365	0.264	0.207	0.210	0.134	0.159	0.140	0.226	0.356	0.447	0.445	0.419	0.340	0.272	0.232	0.176	0.136	0.112	0.177	0.211	0.302	0.506	0.461	0.412	0.283	0.211	0.175	0.143	
6.833	0.131	0.113	0.147	0.223	0.349	0.498	0.459	0.508	0.326	0.246	0.193	0.139	0.139	0.120	0.147	0.189	0.335	0.501	0.536	0.473	0.364	0.256	0.225	0.214	0.129	0.165	0.142	0.218	0.332	0.466	0.433	0.442	0.362	0.264	0.248	0.169	0.149	0.117	0.175	0.214	0.302	0.481	0.467	0.400	0.303	0.217	0.173	0.150	
7.000	0.133	0.110	0.147	0.220	0.343	0.472	0.479	0.517	0.289	0.237	0.191	0.151	0.132	0.114	0.153	0.200	0.336	0.503	0.534	0.480	0.374	0.262	0.226	0.215	0.144	0.168	0.145	0.238	0.360	0.432	0.437	0.428	0.335	0.261	0.241	0.172	0.150	0.122	0.165	0.219	0.304	0.455	0.482	0.430	0.303	0.225	0.183	0.143	
7.167	0.131	0.107	0.144	0.226	0.343	0.479	0.490	0.503	0.279	0.234	0.190	0.146	0.134	0.115	0.164	0.195	0.349	0.489	0.536	0.505	0.384	0.274	0.223	0.205	0.127	0.165	0.145	0.232	0.356	0.456	0.435	0.458	0.353	0.248	0.262	0.170	0.162	0.120	0.176	0.206	0.318	0.485	0.507	0.430	0.298	0.232	0.190	0.149	
7.333	0.132	0.103	0.154	0.220	0.334	0.512	0.496	0.520	0.286	0.227	0.189	0.148	0.131	0.114	0.157	0.217	0.348	0.506	0.587	0.468	0.383	0.260	0.232	0.192	0.127	0.159	0.144	0.231	0.345	0.448	0.438	0.449	0.350	0.258	0.243	0.167	0.152	0.117	0.171	0.213	0.320	0.474	0.486	0.417	0.285	0.229	0.197	0.147	
7.500	0.126	0.101	0.146	0.221	0.353	0.527	0.500	0.537	0.281	0.228	0.179	0.153	0.130	0.116	0.153	0.218	0.338	0.521	0.558	0.475	0.381	0.254	0.231	0.201	0.138	0.174	0.145	0.243	0.339	0.464	0.448	0.420	0.338	0.245	0.258	0.172	0.154	0.116	0.179	0.198	0.290	0.495	0.496	0.398	0.296	0.239	0.188	0.159	
7.667	0.126	0.101	0.152	0.212	0.340	0.513	0.521	0.534	0.270	0.220	0.177	0.148	0.135	0.112	0.147	0.214	0.348	0.493	0.545	0.483	0.394	0.262	0.228	0.217	0.130	0.166	0.148	0.240	0.351	0.471	0.450	0.422	0.338	0.252	0.243	0.167	0.157	0.113	0.173	0.199	0.308	0.487	0.511	0.401	0.303	0.231	0.191	0.160	
7.833	0.128	0.100	0.148	0.209	0.346	0.508	0.515	0.537	0.251	0.218	0.192	0.152	0.124	0.113	0.145	0.213	0.360	0.494	0.555	0.482	0.385	0.254	0.237	0.200	0.132	0.164	0.155	0.244	0.353	0.478	0.440	0.435	0.344	0.243	0.261	0.170	0.158	0.114	0.165	0.208	0.325	0.489	0.478	0.410	0.302	0.243	0.196	0.152	
8.000	0.127	0.102	0.154	0.228	0.344	0.529	0.535	0.530	0.258	0.226	0.182	0.148	0.129	0.115	0.148	0.231	0.353	0.484	0.571	0.498	0.392	0.268	0.222	0.204	0.134	0.170	0.158	0.242	0.352	0.493	0.449	0.433	0.339	0.242	0.262	0.190	0.151	0.114	0.171	0.210	0.336	0.498	0.486	0.418	0.301	0.234	0.183	0.144	
8.167	0.126	0.105	0.151	0.216	0.364	0.508	0.553	0.516	0.249	0.215	0.184	0.150	0.135	0.113	0.160	0.215	0.341	0.484	0.560	0.478	0.400	0.271	0.236	0.216	0.135	0.173	0.154	0.259	0.351	0.514	0.467	0.440	0.322	0.251	0.252	0.193	0.150	0.114	0.172	0.211	0.332	0.503	0.509	0.412	0.293	0.229	0.189	0.138	
8.333	0.131	0.108	0.158	0.217	0.376	0.513	0.539	0.523	0.248	0.211	0.159	0.152	0.131	0.114	0.145	0.228	0.359	0.495	0.546	0.469	0.381	0.289	0.227	0.218	0.140	0.173	0.169	0.268	0.361	0.512	0.454	0.440	0.355	0.254	0.254	0.195	0.159	0.111	0.167	0.214	0.354	0.514	0.517	0.411	0.280	0.241	0.180	0.148	
8.500	0.125	0.104	0.152	0.228	0.368	0.491	0.555	0.532	0.245	0.214	0.182	0.149	0.132	0.128	0.147	0.222	0.353	0.526	0.589	0.474	0.372	0.286	0.234	0.214	0.146	0.172	0.163	0.271	0.367	0.523	0.440	0.458	0.342	0.255	0.249	0.192	0.162	0.104	0.174	0.213	0.337	0.502	0.528	0.431	0.280	0.235	0.177	0.150	
8.667	0.128	0.100	0.157	0.220	0.379	0.522	0.543	0.526	0.234	0.212	0.180	0.153	0.127	0.116	0.156	0.221	0.355	0.483	0.568	0.467	0.382	0.293	0.248	0.210	0.145	0.172	0.164	0.274	0.369	0.528	0.440	0.442	0.355	0.251	0.261	0.205	0.152	0.118	0.158	0.205	0.329	0.500	0.556	0.407	0.269	0.236	0.184	0.148	
8.833	0.123	0.105	0.158	0.225	0.381	0.515	0.539	0.547	0.225	0.208	0.187	0.153	0.134	0.117	0.153	0.234	0.361	0.492	0.566	0.473	0.372	0.283	0.253	0.240	0.143	0.186	0.163	0.272	0.345	0.546	0.435	0.462	0.358	0.249	0.254	0.192	0.151	0.114	0.154	0.209	0.341	0.507	0.505	0.408	0.279	0.225	0.182	0.154	
9.000	0.128	0.102	0.163	0.228	0.381	0.520	0.551	0.533	0.233	0.204	0.187	0.149	0.130	0.121	0.148	0.227	0.355	0.499	0.541	0.454	0.375	0.303	0.254	0.216	0.144	0.185	0.167	0.268	0.391	0.554	0.435	0.451	0.341	0.247	0.249	0.214	0.147	0.116	0.163	0.214	0.348	0.489	0.514	0.401	0.269	0.245	0.179	0.151	
9.167	0.123	0.103	0.167	0.223	0.392	0.553	0.523	0.526	0.230	0.209	0.199	0.156	0.125	0.123	0.150	0.231	0.389	0.495	0.575	0.460	0.368	0.288	0.249	0.216	0.143	0.185	0.165	0.268	0.382	0.566	0.434	0.448	0.348	0.237	0.242	0.195	0.158	0.112	0.163	0.214	0.351	0.541	0.500	0.405	0.260	0.234	0.186	0.148	
9.333	0.120	0.102	0.159	0.211	0.368	0.532	0.529	0.551	0.234	0.204	0.203	0.158	0.135	0.122	0.148	0.228	0.365	0.489	0.571	0.449	0.358	0.274	0.255	0.201	0.148	0.191	0.177	0.257	0.369	0.575	0.438	0.445	0.329	0.242	0.230	0.209	0.158	0.109	0.170	0.208	0.354	0.521	0.502	0.400	0.275	0.236	0.180	0.145	
9.500	0.123	0.105	0.165	0.207	0.377	0.518	0.548	0.518	0.227	0.201	0.204	0.159	0.132	0.129	0.155	0.241	0.367	0.455	0.580	0.468	0.354	0.281	0.248	0.203	0.146	0.195	0.177	0.268	0.372	0.561	0.432	0.435	0.324	0.231	0.240	0.204	0.155	0.110	0.178	0.204	0.360	0.521	0.497	0.417	0.263	0.241	0.181	0.144	
9.667	0.119	0.109	0.158	0.225	0.352	0.522	0.561	0.496	0.229	0.192	0.211	0.168	0.127	0.122	0.151	0.236	0.389	0.481	0.544	0.452	0.371	0.276	0.255	0.203	0.142	0.199	0.174	0.272	0.360	0.604	0.500	0.415	0.335	0.231	0.235	0.195	0.152	0.109	0.176	0.212	0.369	0.532	0.483	0.392	0.263	0.230	0.180	0.144	
9.833	0.120	0.101	0.169	0.208	0.382	0.532	0.556	0.526	0.214	0.194	0.211	0.177	0.126	0.129	0.167	0.215	0.394	0.469	0.572	0.444	0.343	0.286	0.250	0.201	0.142	0.189	0.178	0.264	0.361	0.582	0.415	0.409	0.340	0.223	0.248	0.211	0.150	0.109	0.159	0.223	0.373	0.536	0.495	0.388	0.253	0.232	0.180	0.147	
10.000	0.118	0.108	0.167	0.201	0.352	0.545	0.557	0.543	0.217	0.202	0.196	0.169	0.117	0.127	0.157	0.237	0.382	0.473	0.576	0.447	0.348	0.280	0.244	0.217	0.151	0.192	0.181	0.261	0.372	0.591	0.430	0.424	0.324	0.211	0.258	0.206	0.151	0.109	0.172	0.229	0.367	0.523	0.483	0.381	0.253	0.233	0.188	0.139	
10.167	0.120	0.104	0.163	0.205	0.385	0.533	0.545	0.499	0.223	0.190	0.205	0.171	0.116	0.132	0.163	0.233	0.394	0.477	0.555	0.441	0.339	0.274	0.240	0.209	0.149	0.186	0.177	0.251	0.383	0.577	0.437	0.404	0.328	0.219	0.248	0.213	0.163	0.109	0.160	0.224	0.356	0.497	0.469	0.382	0.235	0.218	0.175	0.147	
10.333	0.119	0.101	0.160	0.221	0.374	0.513	0.553	0.495	0.221	0.196	0.193	0.166	0.116	0.123	0.156	0.227	0.386	0.468	0.560	0.452	0.344	0.266	0.254	0.212	0.151	0.191	0.185	0.255	0.390	0.593	0.449	0.415	0.326	0.210	0.243	0.210	0.160	0.110	0.161	0.223	0.379	0.513	0.479	0.390	0.237	0.233	0.180	0.143	
10.500	0.117	0.097	0.163	0.211	0.367	0.540	0.535	0.494	0.229	0.197	0.188	0.170	0.114	0.123	0.158	0.243	0.396	0.455	0.545	0.459	0.324	0.262	0.246	0.214	0.145	0.180	0.174	0.264	0.380	0.588	0.410	0.413	0.322	0.211	0.255	0.211	0.162	0.109	0.151	0.224	0.371	0.515	0.494	0.365	0.232	0.225	0.173	0.142	
10.667	0.112	0.095	0.154	0.216	0.381	0.547	0.540	0.482	0.209	0.191	0.194	0.181	0.116	0.122	0.160	0.223	0.397	0.452	0.558	0.418	0.334	0.263	0.241	0.211	0.154	0.183	0.174	0.278	0.378	0.602	0.397	0.428	0.321	0.209	0.244	0.211	0.165	0.110	0.147	0.225	0.377	0.490	0.454	0.379	0.224	0.212	0.179	0.148	
10.833	0.109	0.094	0.152	0.212	0.378	0.542	0.549	0.474	0.238	0.193	0.199	0.184	0.119	0.122	0.153	0.234	0.400	0.459	0.542	0.441	0.310	0.257	0.239	0.210	0.148	0.180	0.189	0.267	0.375	0.580	0.412	0.431	0.324	0.205	0.236	0.214	0.162	0.101	0.155	0.228	0.397	0.487	0.476	0.361	0.219	0.209	0.168	0.144	
11.000	0.110	0.091	0.156	0.207	0.386	0.594	0.527	0.460	0.233	0.200	0.196	0.174	0.119	0.118	0.146	0.240	0.399	0.431	0.554	0.429	0.300	0.268	0.246	0.227	0.147	0.182	0.181	0.261	0.371	0.580	0.423	0.407	0.317	0.208	0.226	0.212	0.154	0.097	0.150	0.223	0.386	0.496	0.481	0.360	0.211	0.233	0.176	0.136	
11.167	0.107	0.094	0.158	0.206	0.369	0.539	0.532	0.499	0.225	0.185	0.189	0.174	0.123	0.118	0.153	0.239	0.393	0.446	0.561	0.445	0.301	0.255	0.237	0.218	0.144	0.175	0.171	0.260	0.392	0.632	0.408	0.424	0.309	0.204	0.239	0.228	0.155	0.102	0.152	0.219	0.391	0.505	0.465	0.366	0.228	0.204	0.169	0.137	
11.333	0.103	0.088	0.160	0.203	0.383	0.561	0.532	0.464	0.227	0.200	0.186	0.186	0.113	0.117	0.156	0.259	0.381	0.436	0.554	0.452	0.334	0.269	0.257	0.226	0.144	0.187	0.175	0.262	0.386	0.588	0.402	0.394	0.326	0.199	0.219	0.220	0.150	0.095	0.155	0.223	0.393	0.487	0.468	0.363	0.217	0.233	0.164	0.134	
11.500	0.104	0.086	0.145	0.209	0.402	0.596	0.500	0.454	0.221	0.189	0.185	0.171	0.111	0.124	0.155	0.244	0.397	0.428	0.538	0.444	0.302	0.269	0.250	0.223	0.144	0.191	0.167	0.261	0.396	0.616	0.407	0.422	0.321	0.212	0.222	0.220	0.159	0.094	0.162	0.221	0.390	0.485	0.476	0.371	0.227	0.211	0.160	0.138	
11.667	0.106	0.085	0.152	0.211	0.370	0.571	0.519	0.437	0.230	0.179	0.192	0.168	0.107	0.120	0.153	0.236	0.394	0.413	0.545	0.444	0.302	0.252	0.246	0.211	0.148	0.187	0.179	0.253	0.385	0.599	0.378	0.403	0.321	0.209	0.233	0.218	0.162	0.088	0.159	0.234	0.386	0.479	0.482	0.364	0.226	0.210	0.161	0.137	
11.833	0.108	0.086	0.142	0.199	0.382	0.586	0.510	0.419	0.242	0.195	0.208	0.178	0.107	0.124	0.150	0.229	0.390	0.423	0.541	0.437	0.312	0.252	0.244	0.216	0.147	0.187	0.185	0.255	0.388	0.598	0.388	0.417	0.315	0.219	0.241	0.228	0.139	0.096	0.157	0.233	0.403	0.507	0.450	0.362	0.226	0.211	0.163	0.134	
12.000	0.109	0.090	0.145	0.211	0.353	0.586	0.500	0.443	0.235	0.199	0.181	0.173	0.108	0.125	0.151	0.227	0.387	0.411	0.562	0.432	0.303	0.273	0.234	0.222	0.152	0.191	0.168	0.256	0.384	0.596	0.376	0.423	0.318	0.219	0.228	0.223	0.140	0.097	0.160	0.239	0.412	0.485	0.432	0.374	0.223	0.226	0.158	0.138	
12.167	0.106	0.088	0.142	0.210	0.386	0.508	0.486	0.428	0.233	0.198	0.193	0.172	0.104	0.124	0.154	0.227	0.386	0.381	0.558	0.451	0.310	0.265	0.223	0.222	0.155	0.188	0.182	0.273	0.390	0.550	0.347	0.417	0.307	0.211	0.226	0.220	0.155	0.090	0.164	0.232	0.396	0.477	0.451	0.362	0.245	0.221	0.163	0.134	
12.333	0.105	0.086	0.138	0.210	0.363	0.489	0.471	0.434	0.235	0.206	0.201	0.189	0.109	0.128	0.159	0.239	0.387	0.374	0.534	0.454	0.310	0.263	0.244	0.213	0.153	0.196	0.177	0.252	0.354	0.542	0.368	0.397	0.313	0.211	0.223	0.214	0.152	0.096	0.157	0.240	0.382	0.441	0.416	0.359	0.258	0.221	0.168	0.137	
12.500	0.107	0.088	0.148	0.205	0.352	0.476	0.447	0.461	0.252	0.212	0.214	0.167	0.108	0.123	0.154	0.241	0.376	0.385	0.536	0.467	0.325	0.271	0.243	0.223	0.144	0.194	0.183	0.263	0.346	0.541	0.368	0.430	0.309	0.214	0.228	0.226	0.146	0.103	0.166	0.260	0.351	0.434	0.420	0.372	0.246	0.220	0.167	0.140	
12.667	0.118	0.086	0.145	0.206	0.373	0.508	0.453	0.420	0.253	0.212	0.211	0.182	0.109	0.126	0.158	0.248	0.366	0.424	0.511	0.462	0.312	0.280	0.244	0.218	0.159	0.210	0.178	0.272	0.384	0.570	0.358	0.411	0.312	0.219	0.246	0.211	0.150	0.096	0.176	0.256	0.392	0.430	0.403	0.355	0.244	0.244	0.178	0.136	
12.833	0.112	0.091	0.143	0.197	0.372	0.554	0.467	0.407	0.242	0.207	0.203	0.178	0.111	0.132	0.164	0.247	0.393	0.425	0.521	0.437	0.329	0.277	0.244	0.219	0.156	0.198	0.183	0.270	0.388	0.574	0.365	0.418	0.341	0.226	0.232	0.215	0.157	0.104	0.176	0.240	0.407	0.435	0.407	0.347	0.250	0.234	0.179	0.151	
13.000	0.104	0.089	0.143	0.205	0.403	0.533	0.470	0.374	0.249	0.198	0.217	0.176	0.115	0.134	0.164	0.247	0.406	0.432	0.513	0.446	0.335	0.289	0.238	0.220	0.158	0.196	0.175	0.258	0.412	0.617	0.381	0.398	0.309	0.242	0.236	0.220	0.148	0.096	0.171	0.219	0.407	0.470	0.413	0.333	0.247	0.233	0.187	0.158	
13.167	0.114	0.092	0.144	0.203	0.413	0.540	0.467	0.402	0.252	0.226	0.222	0.174	0.126	0.142	0.167	0.247	0.435	0.406	0.545	0.436	0.320	0.293	0.259	0.238	0.167	0.207	0.175	0.275	0.431	0.597	0.384	0.418	0.321	0.241	0.252	0.214	0.152	0.092	0.180	0.253	0.422	0.462	0.434	0.346	0.250	0.254	0.196	0.145	
13.333	0.109	0.093	0.139	0.228	0.436	0.563	0.506	0.411	0.233	0.223	0.221	0.184	0.113	0.140	0.171	0.262	0.435	0.418	0.526	0.447	0.317	0.294	0.259	0.229	0.152	0.202	0.186	0.271	0.430	0.606	0.375	0.430	0.311	0.258	0.258	0.229	0.145	0.100	0.185	0.252	0.460	0.461	0.442	0.354	0.256	0.237	0.199	0.147	
13.500	0.127	0.092	0.150	0.230	0.442	0.605	0.516	0.434	0.242	0.230	0.221	0.178	0.133	0.146	0.174	0.296	0.440	0.425	0.578	0.457	0.325	0.285	0.265	0.232	0.154	0.207	0.187	0.289	0.420	0.646	0.392	0.465	0.314	0.260	0.248	0.227	0.153	0.106	0.164	0.273	0.435	0.488	0.444	0.360	0.254	0.249	0.195	0.150	
13.667	0.122	0.097	0.153	0.238	0.433	0.587	0.548	0.430	0.264	0.233	0.222	0.172	0.125	0.142	0.177	0.316	0.454	0.425	0.542	0.469	0.359	0.298	0.269	0.242	0.167	0.213	0.188	0.304	0.420	0.646	0.398	0.485	0.371	0.260	0.274	0.228	0.145	0.098	0.165	0.314	0.467	0.482	0.421	0.376	0.268	0.243	0.205	0.149	
13.833	0.134	0.092	0.168	0.271	0.455	0.543	0.512	0.438	0.299	0.240	0.239	0.168	0.130	0.146	0.186	0.308	0.457	0.457	0.535	0.464	0.375	0.299	0.265	0.264	0.168	0.211	0.200	0.315	0.426	0.664	0.407	0.464	0.389	0.265	0.256	0.243	0.154	0.104	0.166	0.277	0.469	0.493	0.446	0.370	0.279	0.248	0.199	0.160	
14.000	0.135	0.098	0.179	0.276	0.461	0.535	0.544	0.444	0.300	0.251	0.229	0.181	0.141	0.143	0.192	0.318	0.456	0.457	0.575	0.450	0.390	0.300	0.276	0.244	0.170	0.215	0.200	0.321	0.427	0.652	0.412	0.489	0.402	0.272	0.265	0.238	0.146	0.103	0.183	0.296	0.460	0.472	0.457	0.375	0.295	0.258	0.205	0.163	
14.167	0.143	0.096	0.201	0.275	0.492	0.599	0.518	0.469	0.300	0.270	0.244	0.192	0.137	0.153	0.204	0.337	0.453	0.473	0.530	0.496	0.412	0.336	0.289	0.246	0.174	0.224	0.210	0.344	0.461	0.693	0.422	0.498	0.428	0.300	0.270	0.259	0.157	0.105	0.197	0.307	0.464	0.466	0.458	0.384	0.305	0.259	0.207	0.169	
14.333	0.142	0.106	0.207	0.280	0.474	0.555	0.510	0.477	0.334	0.284	0.237	0.187	0.143	0.152	0.217	0.325	0.464	0.475	0.569	0.457	0.432	0.375	0.286	0.274	0.183	0.230	0.220	0.324	0.437	0.630	0.425	0.496	0.418	0.311	0.292	0.260	0.157	0.105	0.201	0.304	0.473	0.505	0.458	0.370	0.313	0.265	0.214	0.178	
14.500	0.151	0.109	0.231	0.297	0.487	0.550	0.529	0.460	0.321	0.289	0.253	0.222	0.144	0.159	0.236	0.320	0.481	0.446	0.571	0.496	0.420	0.352	0.308	0.279	0.184	0.248	0.250	0.337	0.426	0.655	0.419	0.517	0.431	0.328	0.276	0.259	0.161	0.100	0.219	0.305	0.476	0.487	0.447	0.382	0.318	0.290	0.206	0.176	
14.667	0.164	0.113	0.223	0.297	0.472	0.554	0.546	0.451	0.339	0.294	0.254	0.220	0.150	0.179	0.241	0.330	0.475	0.442	0.573	0.487	0.422	0.356	0.325	0.289	0.192	0.247	0.260	0.325	0.426	0.624	0.426	0.506	0.459	0.335	0.289	0.263	0.159	0.106	0.214	0.323	0.461	0.500	0.447	0.387	0.318	0.286	0.210	0.180	
14.833	0.156	0.136	0.235	0.286	0.483	0.535	0.517	0.490	0.344	0.298	0.269	0.224	0.154	0.195	0.242	0.327	0.483	0.462	0.534	0.509	0.434	0.358	0.323	0.300	0.200	0.257	0.264	0.343	0.425	0.636	0.440	0.510	0.426	0.345	0.301	0.257	0.153	0.114	0.227	0.333	0.475	0.519	0.428	0.401	0.350	0.291	0.215	0.190	
15.000	0.162	0.144	0.245	0.293	0.476	0.553	0.511	0.482	0.349	0.327	0.295	0.233	0.175	0.205	0.252	0.323	0.449	0.474	0.551	0.481	0.438	0.386	0.322	0.305	0.204	0.276	0.254	0.344	0.439	0.624	0.426	0.518	0.485	0.339	0.287	0.266	0.157	0.118	0.233	0.317	0.480	0.497	0.425	0.404	0.349	0.305	0.244	0.181	
15.167	0.176	0.148	0.237	0.296	0.467	0.536	0.500	0.476	0.342	0.321	0.283	0.242	0.180	0.217	0.249	0.342	0.463	0.453	0.543	0.489	0.428	0.369	0.338	0.291	0.211	0.269	0.267	0.338	0.453	0.619	0.416	0.509	0.467	0.341	0.307	0.272	0.166	0.120	0.232	0.332	0.456	0.497	0.448	0.411	0.359	0.289	0.247	0.194	
15.333	0.182	0.151	0.244	0.278	0.493	0.518	0.530	0.498	0.356	0.331	0.297	0.259	0.207	0.207	0.251	0.333	0.473	0.466	0.534	0.505	0.439	0.388	0.343	0.321	0.210	0.303	0.284	0.343	0.430	0.674	0.439	0.518	0.472	0.348	0.309	0.277	0.177	0.139	0.233	0.329	0.469	0.518	0.434	0.413	0.345	0.337	0.254	0.207	
15.500	0.194	0.159	0.244	0.287	0.464	0.556	0.510	0.482	0.360	0.340	0.304	0.245	0.196	0.222	0.255	0.338	0.456	0.467	0.548	0.468	0.442	0.372	0.334	0.319	0.220	0.288	0.268	0.333	0.450	0.624	0.436	0.502	0.463	0.341	0.303	0.290	0.177	0.138	0.229	0.326	0.470	0.504	0.407	0.408	0.357	0.316	0.240	0.205	
15.667	0.201	0.166	0.253	0.286	0.455	0.544	0.517	0.467	0.353	0.338	0.297	0.249	0.205	0.214	0.255	0.330	0.463	0.466	0.521	0.491	0.440	0.379	0.358	0.308	0.227	0.316	0.263	0.338	0.416	0.614	0.428	0.510	0.454	0.354	0.319	0.299	0.179	0.138	0.222	0.312	0.467	0.518	0.439	0.407	0.352	0.310	0.243	0.216	
15.833	0.186	0.157	0.246	0.273	0.462	0.545	0.510	0.466	0.336	0.323	0.285	0.261	0.215	0.210	0.263	0.325	0.458	0.446	0.522	0.476	0.431	0.362	0.333	0.307	0.230	0.329	0.271	0.338	0.432	0.610	0.417	0.491	0.480	0.339	0.328	0.306	0.181	0.139	0.234	0.308	0.453	0.517	0.424	0.402	0.340	0.305	0.259	0.225	
16.000	0.194	0.167	0.256	0.277	0.469	0.517	0.502	0.484	0.344	0.342	0.271	0.276	0.205	0.221	0.260	0.314	0.450	0.441	0.496	0.474	0.454	0.391	0.353	0.325	0.242	0.318	0.265	0.335	0.424	0.589	0.428	0.499	0.471	0.331	0.321	0.306	0.194	0.144	0.229	0.327	0.429	0.497	0.436	0.405	0.353	0.328	0.255	0.249	
16.167	0.196	0.169	0.247	0.287	0.457	0.514	0.492	0.460	0.354	0.354	0.298	0.274	0.200	0.219	0.267	0.315	0.443	0.465	0.495	0.478	0.437	0.394	0.357	0.313	0.241	0.300	0.273	0.378	0.433	0.587	0.440	0.495	0.454	0.335	0.329	0.332	0.201	0.146	0.240	0.315	0.442	0.516	0.414	0.412	0.334	0.307	0.259	0.243	
16.333	0.196	0.179	0.256	0.284	0.439	0.496	0.487	0.481	0.329	0.362	0.292	0.258	0.205	0.220	0.278	0.319	0.450	0.460	0.484	0.477	0.439	0.383	0.353	0.314	0.251	0.329	0.291	0.345	0.418	0.559	0.452	0.515	0.435	0.329	0.340	0.314	0.195	0.144	0.244	0.323	0.412	0.511	0.430	0.412	0.338	0.321	0.271	0.257	
16.500	0.195	0.181	0.257	0.283	0.452	0.479	0.500	0.464	0.340	0.371	0.295	0.278	0.211	0.224	0.279	0.305	0.416	0.468	0.478	0.450	0.429	0.383	0.372	0.319	0.236	0.308	0.267	0.345	0.396	0.571	0.415	0.505	0.446	0.326	0.341	0.341	0.207	0.145	0.232	0.334	0.401	0.479	0.420	0.413	0.334	0.307	0.278	0.264	
16.667	0.205	0.189	0.261	0.294	0.442	0.482	0.475	0.444	0.352	0.391	0.299	0.270	0.226	0.211	0.265	0.298	0.430	0.435	0.464	0.458	0.436	0.379	0.363	0.328	0.272	0.317	0.283	0.345	0.384	0.557	0.444	0.500	0.455	0.330	0.334	0.320	0.205	0.154	0.226	0.305	0.410	0.491	0.422	0.426	0.327	0.331	0.303	0.255	
16.833	0.190	0.194	0.264	0.269	0.441	0.502	0.479	0.460	0.344	0.389	0.306	0.288	0.215	0.212	0.276	0.288	0.437	0.444	0.450	0.462	0.458	0.392	0.357	0.318	0.266	0.317	0.277	0.358	0.375	0.537	0.414	0.477	0.425	0.321	0.352	0.327	0.208	0.163	0.243	0.305	0.407	0.506	0.391	0.390	0.321	0.345	0.299	0.263	
17.000	0.206	0.198	0.268	0.273	0.454	0.513	0.472	0.435	0.354	0.376	0.316	0.275	0.213	0.222	0.284	0.309	0.423	0.431	0.439	0.436	0.438	0.399	0.383	0.330	0.286	0.320	0.284	0.353	0.407	0.559	0.424	0.461	0.433	0.331	0.371	0.332	0.208	0.167	0.211	0.314	0.422	0.502	0.395	0.398	0.331	0.334	0.317	0.277	
17.167	0.212	0.206	0.267	0.285	0.422	0.496	0.445	0.465	0.338	0.396	0.312	0.298	0.223	0.226	0.283	0.293	0.428	0.437	0.453	0.432	0.445	0.433	0.388	0.347	0.301	0.333	0.270	0.344	0.373	0.522	0.423	0.464	0.420	0.351	0.364	0.345	0.236	0.178	0.236	0.310	0.425	0.496	0.395	0.384	0.340	0.351	0.321	0.282	
17.333	0.203	0.207	0.269	0.279	0.430	0.527	0.457	0.445	0.335	0.405	0.333	0.303	0.224	0.236	0.284	0.304	0.421	0.421	0.435	0.427	0.430	0.434	0.400	0.358	0.308	0.352	0.276	0.368	0.376	0.536	0.397	0.476	0.419	0.343	0.375	0.353	0.226	0.165	0.234	0.294	0.387	0.490	0.422	0.402	0.329	0.356	0.327	0.283	
17.500	0.223	0.207	0.274	0.303	0.456	0.441	0.488	0.452	0.362	0.416	0.336	0.314	0.236	0.237	0.299	0.303	0.400	0.419	0.416	0.437	0.439	0.464	0.422	0.349	0.299	0.347	0.276	0.355	0.339	0.538	0.411	0.474	0.433	0.358	0.394	0.358	0.228	0.174	0.241	0.297	0.390	0.491	0.399	0.402	0.339	0.374	0.343	0.291	
17.667	0.220	0.214	0.290	0.297	0.453	0.409	0.449	0.445	0.355	0.427	0.345	0.323	0.235	0.236	0.297	0.314	0.417	0.429	0.423	0.440	0.467	0.462	0.404	0.358	0.318	0.342	0.282	0.361	0.349	0.520	0.412	0.456	0.411	0.355	0.407	0.359	0.244	0.177	0.242	0.319	0.387	0.492	0.409	0.402	0.348	0.379	0.350	0.287	
17.833	0.222	0.213	0.290	0.287	0.442	0.439	0.465	0.440	0.373	0.432	0.341	0.322	0.254	0.244	0.307	0.311	0.441	0.421	0.432	0.418	0.467	0.459	0.425	0.362	0.339	0.361	0.283	0.385	0.352	0.534	0.409	0.461	0.431	0.365	0.422	0.397	0.244	0.189	0.258	0.325	0.389	0.469	0.396	0.382	0.338	0.356	0.370	0.301	
18.000	0.236	0.239	0.303	0.302	0.443	0.489	0.471	0.450	0.400	0.431	0.355	0.314	0.239	0.251	0.309	0.309	0.423	0.428	0.460	0.422	0.464	0.482	0.398	0.391	0.333	0.386	0.295	0.397	0.385	0.542	0.419	0.477	0.423	0.355	0.456	0.396	0.240	0.190	0.262	0.301	0.394	0.472	0.376	0.379	0.349	0.385	0.362	0.320	
18.167	0.240	0.241	0.311	0.299	0.453	0.457	0.454	0.463	0.384	0.466	0.375	0.353	0.261	0.262	0.315	0.327	0.415	0.436	0.454	0.433	0.508	0.463	0.417	0.393	0.365	0.398	0.295	0.385	0.392	0.524	0.405	0.467	0.454	0.408	0.447	0.407	0.252	0.189	0.258	0.332	0.383	0.469	0.414	0.406	0.339	0.412	0.376	0.330	
18.333	0.239	0.239	0.309	0.303	0.461	0.479	0.479	0.469	0.403	0.452	0.374	0.336	0.274	0.257	0.327	0.340	0.424	0.433	0.428	0.448	0.517	0.478	0.462	0.400	0.379	0.411	0.311	0.398	0.405	0.536	0.426	0.486	0.434	0.416	0.461	0.417	0.263	0.195	0.274	0.328	0.407	0.482	0.410	0.424	0.373	0.406	0.378	0.339	
18.500	0.237	0.255	0.317	0.307	0.458	0.442	0.471	0.501	0.407	0.484	0.387	0.345	0.262	0.257	0.343	0.349	0.433	0.447	0.453	0.458	0.496	0.509	0.453	0.430	0.375	0.399	0.324	0.427	0.407	0.531	0.421	0.462	0.442	0.428	0.486	0.414	0.264	0.217	0.260	0.354	0.434	0.508	0.413	0.423	0.382	0.420	0.388	0.336	
18.667	0.245	0.256	0.306	0.307	0.473	0.466	0.491	0.497	0.405	0.504	0.396	0.365	0.294	0.267	0.323	0.335	0.451	0.450	0.455	0.478	0.519	0.519	0.466	0.414	0.391	0.402	0.328	0.415	0.434	0.558	0.435	0.491	0.461	0.412	0.468	0.443	0.253	0.217	0.267	0.343	0.423	0.507	0.387	0.465	0.404	0.427	0.416	0.342	
18.833	0.249	0.266	0.324	0.317	0.461	0.473	0.473	0.484	0.428	0.488	0.386	0.382	0.278	0.293	0.332	0.361	0.459	0.477	0.445	0.485	0.543	0.554	0.490	0.444	0.402	0.425	0.322	0.411	0.477	0.555	0.439	0.499	0.442	0.437	0.475	0.434	0.270	0.212	0.260	0.353	0.432	0.535	0.401	0.434	0.402	0.442	0.439	0.339	
19.000	0.261	0.257	0.314	0.326	0.464	0.484	0.502	0.477	0.438	0.509	0.402	0.397	0.295	0.292	0.341	0.369	0.434	0.485	0.433	0.475	0.566	0.558	0.474	0.429	0.408	0.414	0.338	0.436	0.450	0.542	0.443	0.507	0.473	0.452	0.497	0.434	0.271	0.210	0.278	0.360	0.411	0.520	0.422	0.447	0.419	0.425	0.422	0.370	
19.167	0.260	0.278	0.331	0.329	0.469	0.492	0.512	0.502	0.462	0.522	0.429	0.390	0.306	0.295	0.351	0.371	0.437	0.465	0.472	0.515	0.556	0.564	0.481	0.416	0.403	0.418	0.326	0.431	0.432	0.562	0.453	0.516	0.471	0.447	0.489	0.455	0.285	0.224	0.274	0.382	0.429	0.576	0.432	0.455	0.424	0.442	0.430	0.347	
19.333	0.252	0.277	0.324	0.343	0.486	0.507	0.500	0.523	0.481	0.535	0.428	0.384	0.288	0.303	0.360	0.352	0.441	0.502	0.480	0.523	0.586	0.574	0.484	0.426	0.417	0.435	0.336	0.432	0.472	0.583	0.463	0.499	0.477	0.461	0.500	0.436	0.277	0.216	0.288	0.365	0.440	0.549	0.481	0.482	0.434	0.454	0.427	0.368	
19.500	0.257	0.271	0.328	0.358	0.460	0.478	0.509	0.540	0.485	0.541	0.413	0.364	0.297	0.320	0.348	0.369	0.442	0.517	0.507	0.543	0.600	0.556	0.497	0.430	0.428	0.442	0.340	0.448	0.493	0.623	0.471	0.544	0.516	0.459	0.508	0.439	0.271	0.222	0.283	0.386	0.452	0.566	0.448	0.465	0.441	0.461	0.406	0.348	
19.667	0.264	0.292	0.349	0.372	0.501	0.531	0.524	0.538	0.502	0.533	0.425	0.376	0.308	0.324	0.390	0.390	0.466	0.506	0.487	0.546	0.598	0.589	0.500	0.470	0.424	0.462	0.348	0.460	0.488	0.583	0.492	0.525	0.520	0.474	0.504	0.442	0.273	0.217	0.289	0.380	0.433	0.586	0.464	0.485	0.443	0.457	0.429	0.357	
19.833	0.269	0.304	0.330	0.375	0.488	0.518	0.543	0.530	0.503	0.533	0.421	0.382	0.312	0.325	0.369	0.393	0.467	0.530	0.504	0.554	0.626	0.583	0.491	0.441	0.433	0.453	0.340	0.457	0.493	0.589	0.500	0.532	0.526	0.461	0.531	0.452	0.290	0.240	0.278	0.396	0.461	0.618	0.486	0.541	0.447	0.467	0.430	0.368	
20.000	0.284	0.293	0.325	0.356	0.506	0.559	0.571	0.548	0.519	0.546	0.439	0.369	0.316	0.330	0.375	0.369	0.488	0.545	0.533	0.606	0.631	0.604	0.522	0.472	0.449	0.462	0.352	0.454	0.511	0.609	0.517	0.565	0.549	0.498	0.492	0.449	0.296	0.233	0.283	0.390	0.460	0.610	0.479	0.506	0.481	0.471	0.426	0.376	
20.167	0.267	0.299	0.342	0.365	0.529	0.549	0.596	0.578	0.528	0.542	0.434	0.378	0.317	0.321	0.380	0.387	0.495	0.560	0.537	0.601	0.664	0.627	0.509	0.496	0.443	0.463	0.347	0.475	0.507	0.596	0.545	0.609	0.550	0.501	0.536	0.450	0.297	0.228	0.290	0.392	0.480	0.639	0.485	0.539	0.485	0.469	0.433	0.370	
20.333	0.265	0.291	0.348	0.367	0.529	0.611	0.606	0.582	0.549	0.548	0.434	0.385	0.324	0.317	0.395	0.391	0.508	0.566	0.547	0.648	0.685	0.604	0.517	0.445	0.467	0.450	0.351	0.464	0.545	0.672	0.547	0.597	0.555	0.508	0.537	0.446	0.293	0.225	0.280	0.391	0.478	0.617	0.517	0.543	0.481	0.480	0.443	0.359	
20.500	0.277	0.299	0.360	0.371	0.553	0.574	0.633	0.623	0.571	0.563	0.418	0.389	0.306	0.323	0.377	0.378	0.498	0.595	0.570	0.625	0.650	0.606	0.522	0.499	0.453	0.469	0.339	0.480	0.527	0.657	0.561	0.631	0.555	0.502	0.528	0.451	0.305	0.239	0.293	0.410	0.495	0.667	0.514	0.564	0.484	0.482	0.431	0.379	
20.667	0.280	0.301	0.351	0.389	0.545	0.603	0.646	0.636	0.545	0.533	0.407	0.400	0.315	0.322	0.397	0.401	0.494	0.575	0.589	0.651	0.704	0.600	0.501	0.467	0.450	0.464	0.330	0.509	0.545	0.667	0.585	0.636	0.569	0.508	0.522	0.449	0.300	0.244	0.289	0.397	0.507	0.653	0.526	0.567	0.487	0.464	0.428	0.354	
20.833	0.281	0.287	0.342	0.387	0.540	0.592	0.675	0.657	0.554	0.552	0.400	0.390	0.307	0.328	0.401	0.395	0.524	0.596	0.615	0.676	0.695	0.572	0.512	0.495	0.436	0.465	0.330	0.473	0.578	0.713	0.620	0.639	0.557	0.489	0.538	0.440	0.317	0.241	0.286	0.387	0.500	0.681	0.564	0.617	0.534	0.493	0.420	0.363	
21.000	0.290	0.287	0.360	0.375	0.556	0.624	0.679	0.656	0.548	0.566	0.414	0.382	0.298	0.323	0.390	0.386	0.547	0.604	0.638	0.735	0.677	0.592	0.487	0.459	0.448	0.462	0.331	0.496	0.568	0.682	0.665	0.632	0.588	0.508	0.510	0.458	0.313	0.248	0.274	0.410	0.494	0.692	0.550	0.616	0.523	0.481	0.398	0.365	
21.167	0.264	0.292	0.371	0.387	0.577	0.628	0.672	0.676	0.571	0.556	0.397	0.371	0.311	0.335	0.376	0.374	0.524	0.632	0.620	0.677	0.673	0.619	0.498	0.440	0.437	0.476	0.334	0.485	0.592	0.734	0.644	0.642	0.565	0.516	0.507	0.434	0.318	0.238	0.283	0.413	0.523	0.736	0.581	0.596	0.522	0.478	0.419	0.353	
21.333	0.265	0.283	0.344	0.385	0.563	0.646	0.766	0.679	0.553	0.524	0.393	0.390	0.304	0.310	0.380	0.408	0.568	0.666	0.619	0.737	0.705	0.607	0.480	0.430	0.421	0.475	0.334	0.474	0.568	0.708	0.633	0.735	0.592	0.480	0.483	0.460	0.315	0.226	0.272	0.398	0.538	0.725	0.605	0.624	0.555	0.466	0.399	0.331	
21.500	0.273	0.288	0.353	0.388	0.591	0.683	0.761	0.711	0.584	0.546	0.377	0.365	0.304	0.327	0.355	0.376	0.534	0.681	0.638	0.751	0.731	0.599	0.479	0.458	0.426	0.472	0.318	0.484	0.603	0.722	0.694	0.749	0.566	0.494	0.468	0.414	0.306	0.228	0.291	0.394	0.525	0.782	0.579	0.640	0.545	0.455	0.382	0.331	
21.667	0.257	0.293	0.357	0.360	0.592	0.667	0.728	0.725	0.612	0.509	0.397	0.345	0.289	0.291	0.371	0.377	0.574	0.693	0.658	0.750	0.701	0.574	0.445	0.427	0.420	0.450	0.318	0.488	0.591	0.740	0.699	0.716	0.585	0.520	0.482	0.438	0.306	0.215	0.279	0.395	0.553	0.727	0.600	0.656	0.553	0.469	0.384	0.317	
21.833	0.271	0.276	0.347	0.382	0.637	0.627	0.718	0.771	0.562	0.505	0.388	0.358	0.290	0.299	0.345	0.368	0.533	0.660	0.680	0.726	0.706	0.549	0.439	0.435	0.408	0.438	0.323	0.470	0.578	0.766	0.681	0.705	0.599	0.493	0.438	0.410	0.312	0.223	0.264	0.388	0.553	0.765	0.624	0.686	0.532	0.430	0.374	0.313	
22.000	0.262	0.271	0.352	0.368	0.634	0.626	0.738	0.784	0.576	0.513	0.365	0.337	0.285	0.286	0.328	0.369	0.550	0.743	0.698	0.740	0.696	0.523	0.425	0.396	0.398	0.442	0.319	0.464	0.620	0.780	0.671	0.687	0.588	0.482	0.486	0.396	0.308	0.218	0.259	0.390	0.563	0.723	0.647	0.684	0.516	0.423	0.362	0.298	
22.167	0.246	0.262	0.332	0.353	0.614	0.640	0.726	0.754	0.543	0.480	0.359	0.322	0.260	0.292	0.338	0.363	0.564	0.727	0.704	0.748	0.662	0.529	0.425	0.369	0.361	0.413	0.310	0.455	0.611	0.757	0.703	0.751	0.601	0.443	0.434	0.396	0.291	0.208	0.261	0.380	0.592	0.773	0.620	0.693	0.542	0.392	0.342	0.285	
22.333	0.244	0.257	0.317	0.374	0.619	0.712	0.747	0.825	0.549	0.454	0.350	0.302	0.262	0.286	0.313	0.356	0.561	0.728	0.735	0.797	0.682	0.528	0.388	0.363	0.343	0.409	0.306	0.455	0.617	0.811	0.719	0.743	0.587	0.458	0.427	0.377	0.285	0.213	0.237	0.400	0.572	0.765	0.632	0.690	0.518	0.399	0.328	0.281	
22.500	0.226	0.261	0.335	0.391	0.619	0.669	0.755	0.775	0.551	0.448	0.341	0.306	0.273	0.249	0.343	0.353	0.576	0.689	0.719	0.803	0.669	0.515	0.366	0.377	0.329	0.402	0.284	0.431	0.609	0.825	0.729	0.756	0.600	0.437	0.397	0.380	0.278	0.201	0.253	0.379	0.561	0.792	0.644	0.683	0.503	0.379	0.299	0.262	
22.667	0.226	0.245	0.332	0.348	0.653	0.671	0.789	0.767	0.545	0.428	0.338	0.288	0.250	0.250	0.328	0.349	0.580	0.759	0.755	0.758	0.684	0.487	0.335	0.363	0.331	0.405	0.287	0.415	0.610	0.816	0.721	0.786	0.602	0.421	0.384	0.336	0.277	0.187	0.234	0.350	0.559	0.759	0.656	0.688	0.503	0.366	0.319	0.268	
22.833	0.232	0.229	0.328	0.364	0.636	0.603	0.805	0.840	0.543	0.392	0.324	0.272	0.255	0.252	0.327	0.336	0.541	0.793	0.761	0.762	0.643	0.484	0.334	0.354	0.301	0.387	0.288	0.413	0.608	0.815	0.776	0.767	0.555	0.421	0.392	0.313	0.258	0.180	0.234	0.354	0.572	0.754	0.655	0.671	0.490	0.373	0.296	0.245	
23.000	0.230	0.233	0.319	0.357	0.626	0.646	0.809	0.805	0.539	0.386	0.317	0.263	0.243	0.235	0.314	0.345	0.534	0.743	0.761	0.769	0.645	0.471	0.332	0.315	0.279	0.364	0.273	0.407	0.605	0.824	0.783	0.760	0.559	0.419	0.371	0.313	0.265	0.175	0.224	0.361	0.550	0.774	0.647	0.666	0.495	0.368	0.280	0.234	
23.167	0.213	0.235	0.307	0.334	0.684	0.657	0.804	0.807	0.519	0.375	0.323	0.233	0.237	0.234	0.295	0.353	0.551	0.757	0.741	0.747	0.623	0.474	0.320	0.306	0.271	0.352	0.258	0.399	0.637	0.833	0.758	0.736	0.541	0.389	0.359	0.280	0.247	0.171	0.222	0.351	0.567	0.809	0.669	0.676	0.485	0.354	0.276	0.224	
23.333	0.204	0.220	0.306	0.345	0.665	0.662	0.759	0.797	0.511	0.369	0.300	0.234	0.228	0.215	0.302	0.332	0.582	0.783	0.747	0.766	0.593	0.459	0.294	0.284	0.265	0.346	0.258	0.408	0.633	0.814	0.732	0.744	0.536	0.390	0.355	0.293	0.242	0.164	0.216	0.340	0.578	0.788	0.695	0.648	0.467	0.347	0.269	0.233	
23.500	0.211	0.220	0.310	0.341	0.649	0.644	0.778	0.832	0.503	0.358	0.295	0.224	0.216	0.197	0.298	0.334	0.553	0.767	0.736	0.747	0.618	0.442	0.317	0.283	0.265	0.299	0.253	0.395	0.627	0.852	0.734	0.729	0.533	0.382	0.324	0.286	0.230	0.153	0.220	0.325	0.558	0.815	0.692	0.656	0.460	0.351	0.262	0.221	
23.667	0.200	0.213	0.300	0.354	0.638	0.652	0.757	0.901	0.481	0.367	0.291	0.222	0.215	0.207	0.281	0.330	0.598	0.795	0.801	0.789	0.577	0.436	0.306	0.270	0.236	0.322	0.239	0.362	0.594	0.829	0.770	0.740	0.513	0.373	0.325	0.268	0.221	0.151	0.214	0.328	0.542	0.839	0.689	0.634	0.458	0.344	0.260	0.218	
23.833	0.194	0.198	0.301	0.324	0.621	0.651	0.755	0.856	0.505	0.344	0.279	0.217	0.218	0.198	0.285	0.326	0.538	0.793	0.775	0.759	0.625	0.443	0.308	0.255	0.241	0.299	0.242	0.381	0.579	0.840	0.718	0.746	0.522	0.360	0.323	0.275	0.227	0.151	0.203	0.340	0.562	0.798	0.651	0.668	0.461	0.332	0.261	0.212	
