Hour	01/2013	02/2013	03/2013	04/2013	05/2013	06/2013	07/2013	08/2013	09/2013	10/2013	11/2013	12/2013	01/2014	02/2014	03/2014	04/2014	05/2014	06/2014	07/2014	08/2014	09/2014	10/2014	11/2014	12/2014	01/2015	02/2015	03/2015	04/2015	05/2015	06/2015	07/2015	08/2015	09/2015	10/2015	11/2015	12/2015	01/2016	02/2016	03/2016	04/2016	05/2016	06/2016	07/2016	08/2016	09/2016	10/2016	11/2016	12/2016	
[UT]	[pT^2/Hz]	[pT^2/Hz]	[pT^2/Hz]	[pT^2/Hz]	[pT^2/Hz]	[pT^2/Hz]	[pT^2/Hz]	[pT^2/Hz]	[pT^2/Hz]	[pT^2/Hz]	[pT^2/Hz]	[pT^2/Hz]	[pT^2/Hz]	[pT^2/Hz]	[pT^2/Hz]	[pT^2/Hz]	[pT^2/Hz]	[pT^2/Hz]	[pT^2/Hz]	[pT^2/Hz]	[pT^2/Hz]	[pT^2/Hz]	[pT^2/Hz]	[pT^2/Hz]	[pT^2/Hz]	[pT^2/Hz]	[pT^2/Hz]	[pT^2/Hz]	[pT^2/Hz]	[pT^2/Hz]	[pT^2/Hz]	[pT^2/Hz]	[pT^2/Hz]	[pT^2/Hz]	[pT^2/Hz]	[pT^2/Hz]	[pT^2/Hz]	[pT^2/Hz]	[pT^2/Hz]	[pT^2/Hz]	[pT^2/Hz]	[pT^2/Hz]	[pT^2/Hz]	[pT^2/Hz]	[pT^2/Hz]	[pT^2/Hz]	[pT^2/Hz]	[pT^2/Hz]	
0.000	0.046	0.036	0.060	0.081	0.163	0.183	0.167	0.159	0.111	0.094	0.077	0.052	0.046	0.050	0.067	0.098	0.152	0.209	0.178	0.167	0.160	0.126	0.097	0.066	0.066	0.059	0.069	0.108	0.159	0.202	0.177	0.166	0.120	0.087	0.081	0.070	0.050	0.036	0.057	0.078	0.153	0.191	0.175	0.165	0.111	0.086	0.062	0.040	
0.167	0.043	0.035	0.061	0.079	0.162	0.185	0.153	0.152	0.107	0.091	0.075	0.052	0.045	0.051	0.066	0.093	0.157	0.194	0.172	0.170	0.162	0.125	0.094	0.062	0.064	0.060	0.066	0.114	0.157	0.193	0.184	0.164	0.119	0.086	0.081	0.068	0.048	0.036	0.055	0.079	0.142	0.194	0.166	0.155	0.108	0.084	0.060	0.040	
0.333	0.039	0.035	0.059	0.079	0.159	0.168	0.151	0.144	0.104	0.089	0.073	0.053	0.043	0.050	0.067	0.090	0.150	0.194	0.172	0.161	0.155	0.117	0.095	0.061	0.060	0.059	0.069	0.113	0.158	0.193	0.165	0.162	0.116	0.088	0.079	0.064	0.049	0.035	0.056	0.078	0.142	0.190	0.160	0.155	0.103	0.081	0.057	0.037	
0.500	0.039	0.035	0.059	0.079	0.159	0.168	0.152	0.144	0.104	0.089	0.073	0.052	0.043	0.050	0.067	0.089	0.150	0.194	0.169	0.160	0.155	0.116	0.095	0.060	0.060	0.059	0.068	0.113	0.161	0.193	0.165	0.162	0.116	0.088	0.079	0.064	0.048	0.035	0.056	0.078	0.142	0.189	0.159	0.155	0.103	0.081	0.057	0.037	
0.667	0.040	0.034	0.057	0.080	0.160	0.165	0.148	0.145	0.104	0.087	0.076	0.053	0.041	0.047	0.066	0.090	0.145	0.188	0.165	0.153	0.152	0.117	0.090	0.067	0.058	0.061	0.068	0.112	0.159	0.179	0.151	0.158	0.113	0.089	0.078	0.065	0.046	0.034	0.053	0.076	0.144	0.179	0.157	0.154	0.100	0.081	0.055	0.038	
0.833	0.039	0.034	0.055	0.076	0.161	0.154	0.140	0.143	0.097	0.086	0.072	0.054	0.042	0.046	0.064	0.092	0.139	0.178	0.161	0.146	0.152	0.111	0.089	0.062	0.059	0.057	0.065	0.104	0.159	0.170	0.161	0.158	0.113	0.086	0.076	0.064	0.044	0.032	0.055	0.077	0.144	0.171	0.155	0.147	0.102	0.082	0.055	0.036	
1.000	0.037	0.033	0.055	0.077	0.152	0.156	0.142	0.136	0.095	0.081	0.070	0.048	0.045	0.048	0.062	0.095	0.148	0.174	0.157	0.146	0.143	0.111	0.094	0.059	0.056	0.059	0.066	0.106	0.152	0.172	0.135	0.156	0.111	0.087	0.071	0.063	0.045	0.033	0.054	0.070	0.139	0.169	0.148	0.141	0.101	0.083	0.054	0.035	
1.167	0.039	0.033	0.054	0.074	0.149	0.162	0.141	0.127	0.095	0.083	0.065	0.049	0.041	0.050	0.060	0.091	0.138	0.174	0.152	0.138	0.144	0.110	0.092	0.058	0.056	0.058	0.066	0.104	0.151	0.167	0.137	0.153	0.110	0.088	0.071	0.063	0.045	0.034	0.051	0.068	0.129	0.166	0.143	0.133	0.097	0.087	0.052	0.035	
1.333	0.041	0.032	0.054	0.074	0.153	0.154	0.132	0.127	0.092	0.082	0.062	0.048	0.041	0.048	0.060	0.087	0.134	0.175	0.140	0.136	0.140	0.110	0.091	0.060	0.054	0.057	0.061	0.103	0.147	0.168	0.146	0.155	0.110	0.085	0.072	0.059	0.044	0.033	0.051	0.069	0.128	0.158	0.147	0.130	0.096	0.081	0.051	0.034	
1.500	0.041	0.033	0.050	0.071	0.150	0.149	0.135	0.128	0.087	0.082	0.063	0.045	0.042	0.047	0.060	0.084	0.133	0.177	0.143	0.129	0.136	0.114	0.088	0.057	0.052	0.058	0.061	0.096	0.143	0.160	0.136	0.151	0.110	0.085	0.071	0.058	0.042	0.032	0.051	0.072	0.132	0.158	0.140	0.129	0.090	0.082	0.052	0.035	
1.667	0.041	0.032	0.050	0.068	0.148	0.144	0.132	0.124	0.084	0.078	0.062	0.044	0.042	0.045	0.061	0.084	0.127	0.173	0.139	0.128	0.126	0.111	0.085	0.064	0.053	0.057	0.059	0.102	0.134	0.151	0.136	0.145	0.115	0.083	0.070	0.056	0.043	0.034	0.052	0.070	0.129	0.153	0.135	0.129	0.091	0.079	0.054	0.035	
1.833	0.041	0.032	0.051	0.074	0.147	0.138	0.127	0.123	0.083	0.080	0.061	0.044	0.039	0.047	0.060	0.087	0.132	0.170	0.134	0.119	0.130	0.106	0.084	0.060	0.051	0.055	0.058	0.099	0.134	0.154	0.136	0.139	0.112	0.086	0.072	0.056	0.042	0.033	0.051	0.068	0.124	0.151	0.131	0.120	0.089	0.079	0.052	0.035	
2.000	0.041	0.032	0.049	0.072	0.147	0.135	0.124	0.115	0.084	0.077	0.064	0.044	0.039	0.047	0.060	0.081	0.127	0.150	0.133	0.118	0.128	0.102	0.083	0.053	0.053	0.056	0.064	0.094	0.133	0.148	0.129	0.132	0.107	0.086	0.067	0.056	0.042	0.033	0.051	0.069	0.123	0.153	0.132	0.123	0.088	0.082	0.053	0.033	
2.167	0.039	0.031	0.049	0.069	0.141	0.133	0.120	0.116	0.083	0.077	0.066	0.044	0.037	0.046	0.055	0.080	0.122	0.156	0.132	0.115	0.122	0.106	0.084	0.053	0.051	0.055	0.058	0.097	0.135	0.145	0.127	0.130	0.104	0.087	0.065	0.056	0.042	0.033	0.049	0.068	0.118	0.149	0.128	0.122	0.090	0.083	0.052	0.035	
2.333	0.039	0.031	0.048	0.072	0.140	0.131	0.118	0.117	0.080	0.075	0.063	0.042	0.037	0.046	0.058	0.078	0.117	0.156	0.130	0.113	0.120	0.106	0.079	0.054	0.050	0.054	0.057	0.099	0.130	0.139	0.127	0.128	0.099	0.084	0.066	0.056	0.039	0.033	0.049	0.066	0.116	0.143	0.130	0.112	0.089	0.083	0.054	0.036	
2.500	0.036	0.032	0.049	0.066	0.138	0.125	0.120	0.111	0.078	0.074	0.069	0.043	0.037	0.046	0.056	0.081	0.119	0.152	0.119	0.114	0.124	0.107	0.080	0.057	0.049	0.054	0.056	0.092	0.127	0.142	0.127	0.123	0.104	0.086	0.067	0.053	0.042	0.032	0.047	0.069	0.123	0.143	0.124	0.114	0.087	0.081	0.053	0.036	
2.667	0.038	0.033	0.051	0.069	0.140	0.124	0.119	0.114	0.080	0.076	0.068	0.041	0.035	0.044	0.056	0.075	0.114	0.149	0.118	0.119	0.122	0.103	0.084	0.056	0.049	0.054	0.057	0.087	0.122	0.140	0.126	0.118	0.102	0.087	0.068	0.053	0.040	0.033	0.048	0.068	0.116	0.135	0.122	0.115	0.086	0.082	0.051	0.036	
2.833	0.041	0.033	0.049	0.072	0.141	0.119	0.118	0.116	0.079	0.076	0.064	0.041	0.038	0.044	0.055	0.076	0.113	0.142	0.116	0.116	0.128	0.102	0.087	0.057	0.053	0.051	0.058	0.089	0.119	0.140	0.115	0.124	0.103	0.083	0.070	0.052	0.044	0.033	0.048	0.064	0.110	0.134	0.116	0.113	0.088	0.085	0.054	0.037	
3.000	0.040	0.034	0.048	0.067	0.138	0.125	0.115	0.115	0.079	0.077	0.062	0.045	0.037	0.046	0.057	0.077	0.115	0.139	0.119	0.111	0.122	0.106	0.084	0.059	0.052	0.049	0.056	0.090	0.116	0.136	0.113	0.124	0.102	0.082	0.069	0.055	0.042	0.033	0.049	0.066	0.109	0.132	0.110	0.112	0.086	0.082	0.054	0.037	
3.167	0.039	0.034	0.048	0.069	0.134	0.125	0.112	0.115	0.080	0.077	0.064	0.042	0.039	0.046	0.055	0.076	0.105	0.137	0.114	0.113	0.121	0.100	0.087	0.065	0.053	0.051	0.057	0.087	0.115	0.130	0.113	0.128	0.095	0.083	0.071	0.053	0.042	0.032	0.050	0.065	0.111	0.132	0.106	0.112	0.091	0.080	0.053	0.039	
3.333	0.038	0.035	0.048	0.070	0.133	0.130	0.113	0.109	0.076	0.077	0.063	0.040	0.039	0.044	0.058	0.077	0.106	0.139	0.111	0.107	0.117	0.102	0.089	0.065	0.049	0.052	0.058	0.088	0.115	0.132	0.113	0.130	0.097	0.082	0.072	0.053	0.044	0.032	0.052	0.066	0.108	0.128	0.106	0.111	0.088	0.082	0.054	0.039	
3.500	0.038	0.033	0.050	0.072	0.138	0.125	0.111	0.101	0.079	0.079	0.064	0.043	0.038	0.046	0.055	0.081	0.106	0.135	0.114	0.103	0.121	0.103	0.092	0.061	0.051	0.051	0.057	0.085	0.109	0.132	0.103	0.125	0.103	0.088	0.073	0.055	0.044	0.034	0.051	0.066	0.102	0.133	0.107	0.108	0.085	0.083	0.059	0.039	
3.667	0.040	0.034	0.050	0.068	0.135	0.129	0.115	0.107	0.081	0.079	0.063	0.045	0.039	0.045	0.055	0.078	0.109	0.142	0.106	0.104	0.120	0.100	0.096	0.063	0.054	0.052	0.058	0.085	0.115	0.136	0.113	0.125	0.102	0.087	0.075	0.058	0.044	0.035	0.052	0.064	0.102	0.134	0.109	0.109	0.086	0.084	0.056	0.041	
3.833	0.040	0.034	0.048	0.066	0.133	0.132	0.115	0.112	0.078	0.080	0.062	0.045	0.036	0.044	0.055	0.074	0.112	0.150	0.110	0.109	0.116	0.101	0.102	0.069	0.054	0.053	0.058	0.080	0.115	0.138	0.113	0.122	0.101	0.089	0.074	0.061	0.047	0.033	0.052	0.064	0.107	0.141	0.110	0.105	0.085	0.086	0.056	0.041	
4.000	0.040	0.035	0.048	0.068	0.132	0.131	0.117	0.108	0.078	0.081	0.065	0.046	0.036	0.044	0.057	0.076	0.111	0.160	0.111	0.109	0.120	0.106	0.099	0.070	0.052	0.053	0.053	0.084	0.115	0.139	0.112	0.119	0.103	0.090	0.080	0.061	0.043	0.035	0.054	0.064	0.106	0.132	0.114	0.104	0.085	0.087	0.054	0.042	
4.167	0.039	0.034	0.048	0.069	0.135	0.136	0.125	0.106	0.077	0.084	0.065	0.044	0.035	0.045	0.057	0.077	0.114	0.151	0.111	0.110	0.119	0.106	0.099	0.070	0.055	0.055	0.054	0.084	0.111	0.134	0.110	0.117	0.101	0.089	0.078	0.057	0.046	0.037	0.053	0.063	0.113	0.126	0.115	0.108	0.090	0.087	0.058	0.041	
4.333	0.038	0.035	0.049	0.069	0.141	0.131	0.122	0.107	0.073	0.081	0.066	0.048	0.035	0.046	0.056	0.075	0.116	0.144	0.118	0.111	0.116	0.106	0.099	0.072	0.058	0.053	0.052	0.088	0.112	0.131	0.111	0.113	0.101	0.091	0.078	0.061	0.048	0.038	0.055	0.062	0.114	0.132	0.118	0.108	0.088	0.087	0.059	0.043	
4.500	0.037	0.038	0.049	0.066	0.142	0.131	0.117	0.113	0.073	0.083	0.069	0.048	0.038	0.047	0.057	0.076	0.118	0.145	0.118	0.112	0.118	0.109	0.102	0.077	0.055	0.054	0.054	0.084	0.116	0.138	0.124	0.116	0.103	0.088	0.082	0.060	0.050	0.036	0.056	0.063	0.116	0.129	0.114	0.111	0.087	0.086	0.059	0.043	
4.667	0.040	0.038	0.050	0.070	0.139	0.132	0.119	0.112	0.074	0.083	0.064	0.045	0.037	0.046	0.061	0.075	0.115	0.140	0.118	0.107	0.128	0.110	0.102	0.081	0.059	0.056	0.056	0.084	0.117	0.136	0.121	0.123	0.102	0.088	0.083	0.062	0.052	0.038	0.054	0.064	0.116	0.128	0.119	0.110	0.088	0.085	0.059	0.045	
4.833	0.040	0.037	0.050	0.067	0.139	0.140	0.118	0.113	0.076	0.086	0.061	0.048	0.039	0.047	0.057	0.077	0.116	0.144	0.120	0.112	0.120	0.110	0.100	0.081	0.060	0.058	0.054	0.087	0.112	0.133	0.125	0.125	0.100	0.085	0.084	0.065	0.051	0.038	0.054	0.063	0.118	0.129	0.121	0.108	0.090	0.085	0.062	0.046	
5.000	0.040	0.037	0.052	0.070	0.138	0.133	0.119	0.115	0.080	0.087	0.068	0.050	0.039	0.049	0.058	0.074	0.119	0.147	0.122	0.112	0.116	0.115	0.105	0.082	0.060	0.061	0.054	0.092	0.114	0.133	0.120	0.124	0.093	0.091	0.087	0.065	0.054	0.036	0.054	0.065	0.123	0.130	0.121	0.111	0.089	0.084	0.065	0.047	
5.167	0.043	0.039	0.051	0.071	0.140	0.132	0.126	0.118	0.076	0.089	0.068	0.051	0.039	0.048	0.060	0.076	0.120	0.151	0.127	0.110	0.118	0.110	0.101	0.088	0.061	0.062	0.056	0.094	0.114	0.132	0.126	0.129	0.097	0.090	0.089	0.066	0.054	0.039	0.057	0.067	0.123	0.128	0.127	0.111	0.088	0.084	0.063	0.048	
5.333	0.043	0.040	0.052	0.073	0.142	0.141	0.127	0.120	0.076	0.089	0.070	0.053	0.041	0.047	0.059	0.079	0.123	0.153	0.132	0.119	0.119	0.116	0.099	0.087	0.067	0.063	0.060	0.093	0.114	0.130	0.129	0.131	0.095	0.089	0.092	0.067	0.059	0.041	0.055	0.068	0.124	0.132	0.127	0.113	0.086	0.085	0.065	0.049	
5.500	0.042	0.043	0.052	0.079	0.144	0.140	0.127	0.119	0.078	0.085	0.069	0.056	0.041	0.048	0.056	0.083	0.127	0.152	0.127	0.122	0.121	0.112	0.103	0.094	0.068	0.061	0.061	0.094	0.113	0.131	0.127	0.128	0.099	0.089	0.088	0.068	0.059	0.041	0.055	0.070	0.129	0.131	0.121	0.114	0.087	0.086	0.067	0.049	
5.667	0.042	0.040	0.054	0.078	0.146	0.135	0.127	0.118	0.079	0.086	0.071	0.055	0.043	0.049	0.055	0.085	0.131	0.154	0.122	0.117	0.114	0.112	0.106	0.094	0.068	0.062	0.063	0.089	0.113	0.135	0.120	0.129	0.095	0.090	0.093	0.069	0.059	0.042	0.056	0.073	0.118	0.132	0.124	0.117	0.088	0.085	0.071	0.052	
5.833	0.045	0.040	0.055	0.077	0.142	0.132	0.124	0.127	0.079	0.086	0.072	0.056	0.045	0.049	0.057	0.088	0.131	0.150	0.127	0.117	0.117	0.114	0.100	0.095	0.068	0.065	0.064	0.091	0.115	0.129	0.120	0.136	0.098	0.089	0.094	0.073	0.063	0.042	0.059	0.071	0.125	0.137	0.128	0.115	0.090	0.085	0.073	0.054	
6.000	0.048	0.041	0.055	0.079	0.151	0.139	0.122	0.124	0.079	0.087	0.072	0.058	0.048	0.050	0.061	0.089	0.131	0.160	0.130	0.123	0.128	0.111	0.103	0.090	0.068	0.062	0.064	0.097	0.117	0.134	0.130	0.131	0.097	0.089	0.096	0.074	0.064	0.042	0.057	0.074	0.125	0.133	0.130	0.120	0.090	0.085	0.072	0.052	
6.167	0.047	0.043	0.059	0.082	0.151	0.146	0.128	0.127	0.079	0.087	0.073	0.062	0.051	0.050	0.061	0.087	0.131	0.150	0.127	0.128	0.122	0.112	0.104	0.090	0.070	0.065	0.066	0.099	0.119	0.140	0.145	0.133	0.105	0.091	0.094	0.074	0.062	0.041	0.061	0.076	0.128	0.133	0.132	0.121	0.090	0.083	0.071	0.055	
6.333	0.048	0.043	0.060	0.084	0.148	0.146	0.124	0.134	0.079	0.084	0.072	0.060	0.053	0.049	0.063	0.092	0.137	0.150	0.136	0.126	0.117	0.110	0.108	0.100	0.070	0.066	0.065	0.099	0.134	0.145	0.144	0.138	0.112	0.091	0.098	0.076	0.063	0.043	0.065	0.081	0.129	0.139	0.135	0.122	0.094	0.080	0.071	0.056	
6.500	0.047	0.044	0.060	0.082	0.149	0.154	0.130	0.135	0.084	0.085	0.073	0.060	0.053	0.048	0.065	0.095	0.137	0.156	0.136	0.130	0.120	0.109	0.107	0.101	0.071	0.065	0.064	0.099	0.134	0.149	0.146	0.143	0.111	0.092	0.099	0.077	0.066	0.043	0.065	0.081	0.136	0.137	0.136	0.127	0.101	0.082	0.069	0.053	
6.667	0.048	0.042	0.062	0.088	0.154	0.158	0.138	0.138	0.083	0.086	0.072	0.061	0.054	0.047	0.066	0.096	0.143	0.157	0.140	0.136	0.121	0.109	0.105	0.100	0.068	0.068	0.066	0.106	0.135	0.149	0.145	0.142	0.108	0.093	0.094	0.077	0.066	0.042	0.070	0.083	0.133	0.142	0.148	0.132	0.101	0.082	0.073	0.056	
6.833	0.047	0.043	0.065	0.090	0.160	0.158	0.139	0.138	0.083	0.088	0.070	0.064	0.056	0.047	0.067	0.098	0.153	0.157	0.139	0.139	0.126	0.111	0.099	0.102	0.069	0.068	0.067	0.108	0.138	0.146	0.142	0.150	0.116	0.095	0.100	0.078	0.068	0.045	0.071	0.087	0.142	0.147	0.149	0.128	0.102	0.080	0.072	0.054	
7.000	0.049	0.044	0.068	0.091	0.162	0.159	0.150	0.141	0.087	0.090	0.069	0.066	0.057	0.049	0.068	0.108	0.150	0.163	0.148	0.142	0.133	0.118	0.102	0.102	0.074	0.070	0.070	0.107	0.140	0.147	0.139	0.151	0.118	0.097	0.097	0.082	0.071	0.048	0.073	0.087	0.140	0.143	0.152	0.133	0.105	0.086	0.071	0.057	
7.167	0.055	0.046	0.071	0.096	0.164	0.170	0.151	0.152	0.089	0.094	0.071	0.064	0.058	0.050	0.071	0.108	0.159	0.156	0.154	0.141	0.134	0.116	0.103	0.105	0.080	0.074	0.073	0.110	0.139	0.154	0.141	0.156	0.119	0.098	0.099	0.081	0.069	0.049	0.078	0.093	0.145	0.146	0.151	0.133	0.105	0.089	0.074	0.055	
7.333	0.057	0.047	0.073	0.102	0.159	0.171	0.145	0.152	0.097	0.098	0.075	0.068	0.060	0.051	0.078	0.111	0.167	0.161	0.156	0.149	0.137	0.126	0.110	0.101	0.075	0.077	0.080	0.115	0.144	0.161	0.155	0.157	0.122	0.104	0.101	0.078	0.067	0.050	0.079	0.096	0.159	0.157	0.153	0.137	0.106	0.093	0.080	0.057	
7.500	0.058	0.048	0.078	0.108	0.167	0.181	0.150	0.158	0.097	0.101	0.078	0.066	0.059	0.054	0.079	0.116	0.167	0.169	0.162	0.151	0.138	0.122	0.113	0.104	0.074	0.084	0.082	0.120	0.155	0.163	0.163	0.153	0.121	0.105	0.109	0.082	0.071	0.050	0.080	0.094	0.158	0.155	0.157	0.140	0.111	0.090	0.082	0.058	
7.667	0.060	0.048	0.084	0.110	0.175	0.187	0.158	0.156	0.102	0.105	0.081	0.067	0.056	0.056	0.080	0.120	0.166	0.171	0.161	0.155	0.141	0.121	0.111	0.104	0.074	0.088	0.088	0.121	0.155	0.167	0.156	0.151	0.128	0.107	0.113	0.083	0.073	0.049	0.087	0.096	0.159	0.162	0.167	0.142	0.126	0.094	0.085	0.061	
7.833	0.063	0.051	0.085	0.110	0.173	0.186	0.148	0.161	0.110	0.108	0.086	0.066	0.061	0.058	0.079	0.121	0.167	0.166	0.160	0.162	0.151	0.126	0.108	0.102	0.077	0.089	0.085	0.127	0.160	0.172	0.150	0.156	0.127	0.110	0.115	0.083	0.071	0.055	0.085	0.102	0.165	0.172	0.161	0.147	0.120	0.100	0.087	0.061	
8.000	0.061	0.055	0.086	0.107	0.175	0.188	0.155	0.170	0.107	0.109	0.089	0.069	0.063	0.057	0.080	0.124	0.171	0.179	0.162	0.163	0.148	0.130	0.119	0.103	0.077	0.095	0.093	0.129	0.158	0.177	0.165	0.153	0.131	0.112	0.118	0.086	0.073	0.059	0.089	0.105	0.170	0.174	0.166	0.149	0.115	0.102	0.092	0.060	
8.167	0.062	0.057	0.089	0.113	0.181	0.191	0.164	0.173	0.110	0.109	0.094	0.073	0.066	0.056	0.085	0.128	0.182	0.176	0.167	0.163	0.150	0.132	0.127	0.113	0.081	0.097	0.094	0.127	0.164	0.178	0.165	0.164	0.133	0.112	0.121	0.097	0.078	0.058	0.094	0.105	0.166	0.177	0.166	0.150	0.120	0.100	0.094	0.064	
8.333	0.063	0.059	0.091	0.116	0.188	0.204	0.172	0.170	0.109	0.115	0.095	0.076	0.073	0.062	0.089	0.131	0.187	0.180	0.175	0.162	0.153	0.137	0.124	0.109	0.078	0.098	0.093	0.138	0.162	0.183	0.165	0.175	0.137	0.119	0.128	0.099	0.083	0.058	0.092	0.109	0.166	0.175	0.174	0.150	0.128	0.104	0.094	0.069	
8.500	0.068	0.060	0.093	0.122	0.186	0.202	0.173	0.176	0.108	0.120	0.096	0.079	0.078	0.064	0.084	0.136	0.182	0.184	0.173	0.172	0.154	0.139	0.122	0.109	0.085	0.104	0.099	0.145	0.169	0.184	0.177	0.175	0.142	0.120	0.130	0.106	0.089	0.061	0.093	0.109	0.180	0.182	0.176	0.152	0.125	0.107	0.094	0.075	
8.667	0.070	0.061	0.097	0.124	0.194	0.201	0.179	0.181	0.112	0.120	0.101	0.082	0.078	0.063	0.084	0.137	0.189	0.178	0.181	0.181	0.149	0.147	0.133	0.118	0.089	0.110	0.102	0.143	0.168	0.195	0.180	0.179	0.141	0.117	0.133	0.112	0.092	0.065	0.092	0.110	0.181	0.180	0.181	0.154	0.128	0.109	0.096	0.079	
8.833	0.073	0.065	0.104	0.120	0.191	0.213	0.183	0.179	0.118	0.119	0.107	0.087	0.082	0.065	0.090	0.141	0.193	0.171	0.182	0.177	0.156	0.150	0.138	0.120	0.092	0.117	0.104	0.155	0.170	0.193	0.167	0.184	0.148	0.124	0.140	0.113	0.095	0.067	0.093	0.115	0.173	0.185	0.180	0.160	0.136	0.107	0.098	0.081	
9.000	0.073	0.065	0.103	0.122	0.206	0.210	0.186	0.179	0.118	0.121	0.109	0.086	0.081	0.066	0.090	0.146	0.196	0.187	0.183	0.185	0.160	0.148	0.141	0.122	0.098	0.117	0.107	0.154	0.178	0.197	0.180	0.187	0.146	0.129	0.148	0.111	0.096	0.067	0.097	0.116	0.180	0.188	0.183	0.163	0.142	0.112	0.105	0.083	
9.167	0.076	0.063	0.103	0.127	0.199	0.224	0.192	0.182	0.124	0.127	0.109	0.089	0.085	0.067	0.093	0.146	0.194	0.187	0.185	0.191	0.162	0.153	0.145	0.126	0.104	0.117	0.109	0.155	0.194	0.201	0.179	0.182	0.159	0.137	0.149	0.121	0.096	0.066	0.100	0.120	0.192	0.184	0.197	0.167	0.139	0.117	0.106	0.089	
9.333	0.078	0.064	0.107	0.132	0.204	0.230	0.204	0.191	0.122	0.130	0.115	0.089	0.084	0.070	0.096	0.149	0.207	0.186	0.210	0.201	0.173	0.158	0.140	0.132	0.105	0.117	0.107	0.166	0.182	0.207	0.184	0.182	0.162	0.130	0.140	0.125	0.094	0.064	0.107	0.121	0.196	0.204	0.193	0.175	0.142	0.116	0.108	0.093	
9.500	0.075	0.067	0.110	0.129	0.209	0.218	0.199	0.194	0.127	0.131	0.117	0.092	0.088	0.073	0.097	0.148	0.198	0.193	0.204	0.189	0.179	0.159	0.147	0.128	0.102	0.114	0.108	0.171	0.185	0.210	0.174	0.189	0.162	0.128	0.140	0.128	0.095	0.063	0.106	0.127	0.204	0.210	0.200	0.169	0.143	0.124	0.105	0.095	
9.667	0.075	0.067	0.112	0.135	0.208	0.227	0.201	0.197	0.130	0.133	0.116	0.091	0.090	0.077	0.097	0.156	0.213	0.189	0.208	0.201	0.179	0.157	0.148	0.127	0.102	0.116	0.107	0.173	0.195	0.207	0.185	0.188	0.161	0.135	0.144	0.130	0.103	0.066	0.106	0.130	0.209	0.210	0.207	0.179	0.139	0.120	0.110	0.093	
9.833	0.073	0.066	0.115	0.139	0.208	0.230	0.204	0.198	0.126	0.133	0.119	0.093	0.089	0.076	0.100	0.158	0.219	0.196	0.209	0.203	0.173	0.163	0.151	0.130	0.101	0.120	0.107	0.175	0.192	0.221	0.202	0.190	0.167	0.136	0.146	0.126	0.104	0.063	0.109	0.137	0.215	0.218	0.202	0.176	0.146	0.117	0.110	0.094	
10.000	0.076	0.070	0.111	0.139	0.206	0.235	0.204	0.207	0.119	0.137	0.119	0.097	0.087	0.079	0.105	0.160	0.218	0.204	0.217	0.202	0.183	0.170	0.154	0.142	0.101	0.124	0.107	0.175	0.195	0.219	0.193	0.192	0.177	0.139	0.150	0.127	0.103	0.064	0.106	0.139	0.212	0.218	0.216	0.183	0.146	0.119	0.114	0.097	
10.167	0.074	0.070	0.117	0.134	0.211	0.246	0.206	0.203	0.133	0.131	0.118	0.093	0.087	0.077	0.104	0.161	0.213	0.211	0.225	0.205	0.180	0.164	0.152	0.136	0.109	0.121	0.102	0.177	0.200	0.221	0.196	0.198	0.175	0.138	0.151	0.128	0.104	0.067	0.104	0.144	0.204	0.219	0.210	0.181	0.147	0.121	0.116	0.097	
10.333	0.076	0.068	0.115	0.141	0.220	0.251	0.208	0.200	0.131	0.132	0.117	0.096	0.091	0.075	0.104	0.162	0.219	0.211	0.226	0.205	0.175	0.167	0.152	0.132	0.112	0.123	0.104	0.175	0.201	0.227	0.201	0.200	0.172	0.144	0.143	0.125	0.106	0.067	0.105	0.141	0.225	0.222	0.207	0.182	0.144	0.120	0.117	0.095	
10.500	0.074	0.068	0.116	0.148	0.214	0.255	0.205	0.222	0.134	0.136	0.112	0.092	0.092	0.079	0.106	0.172	0.221	0.206	0.228	0.219	0.176	0.174	0.163	0.135	0.107	0.116	0.110	0.191	0.205	0.231	0.201	0.199	0.183	0.140	0.148	0.124	0.101	0.065	0.107	0.144	0.224	0.218	0.215	0.183	0.152	0.122	0.117	0.091	
10.667	0.079	0.068	0.113	0.146	0.216	0.266	0.207	0.218	0.129	0.140	0.119	0.098	0.087	0.081	0.104	0.173	0.222	0.204	0.224	0.221	0.172	0.171	0.150	0.153	0.105	0.116	0.106	0.192	0.205	0.240	0.193	0.207	0.183	0.144	0.151	0.126	0.100	0.066	0.108	0.146	0.236	0.220	0.214	0.186	0.152	0.121	0.119	0.089	
10.833	0.074	0.068	0.109	0.152	0.226	0.268	0.212	0.210	0.140	0.138	0.125	0.096	0.090	0.082	0.106	0.169	0.219	0.200	0.221	0.210	0.175	0.172	0.156	0.139	0.107	0.123	0.111	0.195	0.210	0.235	0.197	0.215	0.188	0.141	0.150	0.136	0.097	0.067	0.109	0.150	0.234	0.230	0.216	0.186	0.157	0.117	0.118	0.093	
11.000	0.073	0.066	0.107	0.151	0.226	0.268	0.223	0.219	0.141	0.137	0.120	0.095	0.086	0.084	0.108	0.169	0.229	0.205	0.236	0.213	0.175	0.170	0.146	0.136	0.105	0.119	0.111	0.199	0.209	0.228	0.204	0.222	0.186	0.139	0.146	0.133	0.098	0.069	0.111	0.153	0.232	0.225	0.217	0.190	0.156	0.122	0.117	0.090	
11.167	0.073	0.068	0.116	0.151	0.219	0.267	0.230	0.217	0.142	0.143	0.116	0.100	0.094	0.086	0.108	0.167	0.230	0.215	0.246	0.229	0.186	0.175	0.151	0.133	0.109	0.113	0.111	0.197	0.219	0.247	0.191	0.223	0.185	0.140	0.148	0.132	0.094	0.070	0.106	0.147	0.234	0.233	0.224	0.200	0.155	0.122	0.120	0.092	
11.333	0.072	0.067	0.115	0.150	0.222	0.270	0.222	0.225	0.141	0.138	0.118	0.096	0.092	0.089	0.106	0.175	0.226	0.209	0.246	0.233	0.182	0.175	0.163	0.130	0.106	0.115	0.106	0.196	0.228	0.244	0.207	0.222	0.193	0.143	0.140	0.132	0.096	0.070	0.113	0.148	0.246	0.232	0.223	0.202	0.158	0.121	0.119	0.094	
11.500	0.069	0.068	0.108	0.149	0.229	0.274	0.225	0.231	0.144	0.138	0.121	0.097	0.090	0.089	0.106	0.174	0.222	0.224	0.248	0.236	0.190	0.173	0.164	0.136	0.108	0.117	0.107	0.193	0.218	0.253	0.215	0.218	0.184	0.138	0.141	0.135	0.095	0.064	0.119	0.151	0.242	0.238	0.221	0.192	0.159	0.120	0.116	0.093	
11.667	0.071	0.066	0.104	0.145	0.227	0.280	0.227	0.219	0.148	0.137	0.120	0.098	0.085	0.089	0.108	0.166	0.222	0.220	0.250	0.225	0.187	0.168	0.157	0.142	0.111	0.115	0.103	0.192	0.225	0.253	0.190	0.230	0.187	0.142	0.141	0.135	0.091	0.067	0.117	0.155	0.242	0.235	0.223	0.193	0.164	0.120	0.113	0.092	
11.833	0.069	0.067	0.105	0.151	0.222	0.278	0.221	0.215	0.144	0.137	0.123	0.101	0.087	0.089	0.107	0.175	0.223	0.207	0.254	0.229	0.183	0.168	0.153	0.135	0.104	0.115	0.104	0.190	0.231	0.256	0.189	0.230	0.189	0.143	0.142	0.134	0.090	0.067	0.115	0.157	0.240	0.226	0.227	0.193	0.163	0.120	0.112	0.094	
12.000	0.069	0.068	0.104	0.148	0.218	0.268	0.230	0.208	0.144	0.137	0.126	0.101	0.096	0.094	0.112	0.172	0.226	0.210	0.259	0.245	0.171	0.166	0.150	0.139	0.103	0.124	0.102	0.191	0.221	0.254	0.170	0.229	0.193	0.142	0.138	0.136	0.093	0.069	0.115	0.149	0.239	0.233	0.217	0.197	0.157	0.114	0.112	0.093	
12.167	0.068	0.070	0.108	0.150	0.227	0.272	0.220	0.213	0.147	0.135	0.120	0.097	0.088	0.096	0.115	0.172	0.208	0.223	0.263	0.243	0.173	0.166	0.139	0.137	0.109	0.124	0.106	0.200	0.223	0.258	0.189	0.224	0.192	0.139	0.137	0.141	0.092	0.070	0.113	0.150	0.248	0.228	0.212	0.193	0.153	0.116	0.113	0.092	
12.333	0.071	0.071	0.109	0.149	0.224	0.268	0.216	0.215	0.138	0.139	0.123	0.100	0.089	0.093	0.115	0.179	0.217	0.213	0.266	0.240	0.178	0.165	0.144	0.136	0.107	0.127	0.109	0.188	0.223	0.258	0.195	0.227	0.193	0.136	0.137	0.138	0.095	0.073	0.120	0.150	0.240	0.234	0.215	0.188	0.164	0.116	0.112	0.097	
12.500	0.077	0.071	0.106	0.154	0.214	0.278	0.221	0.220	0.134	0.135	0.122	0.099	0.091	0.092	0.120	0.183	0.208	0.210	0.249	0.231	0.175	0.164	0.150	0.131	0.115	0.120	0.114	0.188	0.213	0.254	0.204	0.227	0.193	0.138	0.137	0.135	0.091	0.075	0.114	0.159	0.238	0.236	0.208	0.188	0.163	0.113	0.120	0.098	
12.667	0.076	0.075	0.107	0.151	0.211	0.263	0.223	0.218	0.135	0.135	0.119	0.097	0.094	0.094	0.123	0.175	0.205	0.202	0.255	0.238	0.179	0.166	0.151	0.138	0.121	0.118	0.111	0.196	0.223	0.256	0.195	0.223	0.188	0.136	0.139	0.136	0.088	0.075	0.119	0.159	0.240	0.230	0.217	0.179	0.157	0.116	0.121	0.097	
12.833	0.071	0.072	0.109	0.152	0.211	0.254	0.216	0.216	0.142	0.136	0.125	0.100	0.099	0.093	0.129	0.183	0.213	0.207	0.251	0.230	0.179	0.162	0.156	0.140	0.118	0.119	0.114	0.189	0.213	0.245	0.201	0.227	0.183	0.140	0.135	0.134	0.088	0.073	0.121	0.151	0.245	0.231	0.206	0.181	0.153	0.117	0.113	0.096	
13.000	0.081	0.072	0.112	0.148	0.210	0.251	0.204	0.208	0.129	0.135	0.129	0.105	0.097	0.095	0.125	0.180	0.204	0.210	0.237	0.224	0.176	0.165	0.153	0.140	0.115	0.126	0.113	0.193	0.213	0.245	0.205	0.221	0.186	0.132	0.134	0.132	0.088	0.075	0.119	0.155	0.232	0.225	0.205	0.182	0.152	0.118	0.116	0.095	
13.167	0.082	0.074	0.114	0.147	0.208	0.253	0.207	0.201	0.129	0.125	0.131	0.104	0.100	0.102	0.127	0.186	0.207	0.200	0.242	0.232	0.178	0.159	0.150	0.144	0.118	0.126	0.110	0.192	0.215	0.256	0.215	0.216	0.181	0.134	0.131	0.133	0.089	0.075	0.122	0.154	0.227	0.224	0.209	0.192	0.150	0.112	0.118	0.097	
13.333	0.079	0.075	0.115	0.148	0.210	0.250	0.200	0.198	0.129	0.129	0.131	0.104	0.100	0.101	0.134	0.189	0.203	0.193	0.242	0.224	0.169	0.166	0.157	0.144	0.113	0.124	0.116	0.180	0.205	0.244	0.189	0.216	0.182	0.138	0.131	0.127	0.090	0.078	0.126	0.150	0.226	0.218	0.205	0.179	0.150	0.109	0.119	0.102	
13.500	0.075	0.075	0.119	0.148	0.198	0.249	0.201	0.211	0.129	0.127	0.126	0.102	0.098	0.104	0.129	0.173	0.200	0.192	0.239	0.212	0.171	0.153	0.142	0.135	0.114	0.125	0.123	0.176	0.206	0.240	0.189	0.214	0.186	0.137	0.130	0.137	0.092	0.080	0.121	0.148	0.225	0.224	0.204	0.169	0.150	0.111	0.112	0.099	
13.667	0.080	0.076	0.116	0.143	0.194	0.237	0.201	0.192	0.127	0.130	0.122	0.104	0.100	0.102	0.133	0.169	0.194	0.177	0.230	0.210	0.164	0.150	0.145	0.140	0.112	0.120	0.119	0.184	0.205	0.234	0.172	0.210	0.178	0.136	0.125	0.133	0.090	0.076	0.120	0.141	0.217	0.209	0.195	0.174	0.149	0.114	0.115	0.096	
13.833	0.081	0.077	0.111	0.142	0.197	0.228	0.193	0.184	0.131	0.127	0.126	0.100	0.101	0.108	0.133	0.168	0.196	0.174	0.216	0.205	0.163	0.152	0.136	0.134	0.113	0.132	0.126	0.187	0.200	0.225	0.173	0.202	0.180	0.133	0.132	0.134	0.087	0.075	0.122	0.144	0.219	0.207	0.185	0.171	0.142	0.107	0.117	0.096	
14.000	0.081	0.077	0.121	0.147	0.195	0.219	0.181	0.181	0.132	0.126	0.121	0.102	0.097	0.107	0.129	0.170	0.195	0.188	0.217	0.198	0.162	0.149	0.136	0.131	0.114	0.131	0.123	0.182	0.186	0.218	0.173	0.203	0.177	0.129	0.123	0.128	0.089	0.075	0.122	0.138	0.201	0.200	0.184	0.166	0.142	0.109	0.111	0.100	
14.167	0.083	0.079	0.122	0.145	0.192	0.224	0.180	0.194	0.128	0.121	0.125	0.102	0.099	0.101	0.136	0.164	0.192	0.181	0.223	0.196	0.158	0.144	0.136	0.131	0.112	0.126	0.120	0.185	0.191	0.218	0.178	0.201	0.172	0.128	0.127	0.127	0.089	0.078	0.123	0.140	0.207	0.197	0.183	0.164	0.144	0.111	0.111	0.099	
14.333	0.083	0.079	0.115	0.142	0.189	0.217	0.181	0.185	0.128	0.123	0.120	0.103	0.097	0.101	0.133	0.160	0.184	0.175	0.212	0.198	0.158	0.148	0.137	0.132	0.113	0.127	0.121	0.179	0.197	0.215	0.166	0.198	0.170	0.130	0.126	0.126	0.087	0.077	0.122	0.136	0.203	0.200	0.182	0.157	0.136	0.109	0.110	0.097	
14.500	0.079	0.076	0.117	0.139	0.188	0.205	0.181	0.173	0.129	0.118	0.117	0.103	0.099	0.101	0.132	0.157	0.177	0.170	0.207	0.195	0.154	0.144	0.127	0.124	0.122	0.122	0.119	0.178	0.192	0.208	0.161	0.195	0.166	0.127	0.125	0.124	0.082	0.073	0.120	0.137	0.200	0.197	0.174	0.157	0.134	0.106	0.106	0.097	
14.667	0.077	0.080	0.118	0.142	0.190	0.202	0.183	0.175	0.124	0.114	0.112	0.103	0.098	0.098	0.132	0.151	0.184	0.160	0.199	0.193	0.152	0.142	0.131	0.126	0.120	0.129	0.124	0.172	0.186	0.202	0.154	0.188	0.164	0.125	0.125	0.123	0.078	0.075	0.123	0.133	0.193	0.187	0.170	0.149	0.137	0.107	0.106	0.094	
14.833	0.078	0.075	0.116	0.134	0.176	0.190	0.173	0.166	0.122	0.121	0.115	0.098	0.096	0.096	0.130	0.152	0.178	0.166	0.190	0.184	0.149	0.140	0.129	0.120	0.116	0.115	0.114	0.169	0.181	0.198	0.145	0.187	0.158	0.128	0.118	0.121	0.081	0.071	0.119	0.132	0.184	0.187	0.160	0.152	0.137	0.105	0.103	0.096	
15.000	0.084	0.071	0.115	0.130	0.177	0.194	0.166	0.163	0.118	0.119	0.107	0.099	0.091	0.098	0.125	0.147	0.174	0.167	0.189	0.180	0.150	0.142	0.129	0.117	0.114	0.118	0.112	0.173	0.185	0.192	0.156	0.182	0.149	0.120	0.115	0.115	0.077	0.070	0.114	0.135	0.182	0.180	0.154	0.151	0.131	0.100	0.104	0.094	
15.167	0.078	0.073	0.119	0.129	0.171	0.182	0.158	0.167	0.117	0.116	0.109	0.098	0.090	0.095	0.125	0.140	0.174	0.162	0.184	0.171	0.148	0.142	0.132	0.120	0.109	0.118	0.114	0.158	0.181	0.177	0.149	0.181	0.151	0.120	0.115	0.112	0.078	0.073	0.111	0.128	0.179	0.175	0.149	0.154	0.128	0.098	0.109	0.094	
15.333	0.081	0.072	0.107	0.129	0.171	0.173	0.154	0.162	0.119	0.121	0.111	0.097	0.094	0.095	0.130	0.143	0.162	0.152	0.180	0.169	0.143	0.137	0.136	0.116	0.108	0.113	0.113	0.149	0.168	0.181	0.147	0.164	0.150	0.117	0.116	0.110	0.080	0.068	0.114	0.130	0.175	0.173	0.148	0.145	0.130	0.101	0.111	0.089	
15.500	0.076	0.071	0.106	0.125	0.166	0.175	0.162	0.153	0.121	0.123	0.109	0.092	0.088	0.092	0.125	0.138	0.163	0.147	0.165	0.159	0.146	0.131	0.136	0.108	0.108	0.118	0.110	0.151	0.158	0.181	0.142	0.165	0.146	0.118	0.112	0.111	0.075	0.070	0.108	0.128	0.175	0.177	0.145	0.139	0.125	0.106	0.107	0.089	
15.667	0.081	0.067	0.105	0.122	0.159	0.169	0.164	0.150	0.115	0.125	0.108	0.085	0.087	0.089	0.121	0.138	0.166	0.146	0.166	0.159	0.140	0.125	0.138	0.107	0.112	0.115	0.108	0.144	0.163	0.181	0.135	0.160	0.145	0.115	0.111	0.112	0.073	0.066	0.104	0.124	0.173	0.170	0.145	0.132	0.123	0.106	0.099	0.089	
15.833	0.078	0.068	0.107	0.121	0.155	0.170	0.160	0.143	0.114	0.115	0.109	0.087	0.085	0.085	0.118	0.132	0.158	0.149	0.162	0.157	0.135	0.128	0.129	0.110	0.108	0.113	0.107	0.137	0.160	0.175	0.135	0.160	0.139	0.110	0.115	0.106	0.072	0.064	0.103	0.117	0.167	0.167	0.144	0.131	0.122	0.104	0.102	0.089	
16.000	0.075	0.068	0.104	0.118	0.152	0.162	0.149	0.142	0.110	0.119	0.104	0.090	0.084	0.082	0.115	0.128	0.152	0.139	0.160	0.153	0.144	0.122	0.124	0.106	0.103	0.109	0.105	0.136	0.151	0.158	0.128	0.150	0.139	0.110	0.107	0.105	0.071	0.063	0.101	0.119	0.167	0.163	0.139	0.129	0.123	0.103	0.104	0.087	
16.167	0.076	0.068	0.100	0.116	0.147	0.167	0.145	0.141	0.109	0.123	0.106	0.090	0.079	0.083	0.113	0.122	0.147	0.137	0.156	0.152	0.145	0.127	0.137	0.107	0.106	0.102	0.104	0.146	0.143	0.163	0.127	0.152	0.137	0.112	0.110	0.106	0.072	0.061	0.100	0.118	0.156	0.154	0.137	0.128	0.122	0.106	0.108	0.085	
16.333	0.070	0.065	0.102	0.120	0.150	0.160	0.136	0.140	0.107	0.125	0.106	0.089	0.078	0.080	0.109	0.119	0.147	0.144	0.149	0.151	0.135	0.132	0.136	0.099	0.099	0.098	0.101	0.138	0.142	0.160	0.121	0.153	0.137	0.114	0.111	0.109	0.071	0.062	0.096	0.116	0.157	0.159	0.137	0.125	0.118	0.105	0.105	0.087	
16.500	0.071	0.065	0.097	0.115	0.148	0.148	0.136	0.140	0.109	0.133	0.106	0.086	0.079	0.084	0.113	0.122	0.143	0.141	0.144	0.147	0.140	0.138	0.137	0.109	0.101	0.100	0.105	0.131	0.131	0.152	0.117	0.153	0.136	0.111	0.112	0.107	0.067	0.059	0.090	0.113	0.152	0.152	0.138	0.120	0.118	0.111	0.107	0.088	
16.667	0.072	0.066	0.093	0.116	0.151	0.152	0.139	0.135	0.117	0.136	0.110	0.088	0.077	0.084	0.114	0.120	0.139	0.132	0.141	0.145	0.139	0.141	0.141	0.114	0.107	0.101	0.103	0.131	0.132	0.147	0.115	0.146	0.135	0.113	0.115	0.109	0.072	0.059	0.093	0.108	0.148	0.144	0.136	0.124	0.116	0.115	0.111	0.094	
16.833	0.072	0.068	0.095	0.109	0.145	0.157	0.134	0.135	0.114	0.133	0.114	0.089	0.074	0.084	0.107	0.111	0.139	0.128	0.135	0.141	0.140	0.136	0.144	0.103	0.110	0.104	0.097	0.132	0.134	0.147	0.115	0.146	0.133	0.113	0.116	0.112	0.072	0.061	0.094	0.107	0.150	0.148	0.129	0.126	0.115	0.119	0.115	0.093	
17.000	0.067	0.068	0.093	0.108	0.142	0.154	0.132	0.133	0.114	0.138	0.119	0.087	0.072	0.084	0.108	0.116	0.136	0.123	0.137	0.142	0.142	0.141	0.139	0.102	0.112	0.101	0.099	0.130	0.132	0.147	0.115	0.143	0.134	0.119	0.125	0.114	0.073	0.061	0.089	0.114	0.154	0.154	0.123	0.123	0.115	0.121	0.117	0.095	
17.167	0.073	0.070	0.096	0.108	0.137	0.151	0.134	0.131	0.118	0.146	0.122	0.091	0.076	0.084	0.114	0.118	0.136	0.129	0.140	0.138	0.147	0.148	0.146	0.105	0.110	0.101	0.101	0.135	0.134	0.143	0.117	0.137	0.132	0.121	0.125	0.115	0.072	0.059	0.092	0.110	0.151	0.146	0.128	0.125	0.118	0.122	0.124	0.101	
17.333	0.069	0.068	0.098	0.111	0.134	0.155	0.138	0.131	0.119	0.151	0.125	0.092	0.072	0.084	0.113	0.120	0.137	0.135	0.146	0.136	0.147	0.153	0.160	0.110	0.112	0.098	0.101	0.131	0.132	0.144	0.107	0.141	0.135	0.122	0.122	0.110	0.071	0.061	0.092	0.107	0.146	0.147	0.130	0.124	0.122	0.119	0.128	0.099	
17.500	0.072	0.068	0.094	0.112	0.137	0.156	0.137	0.127	0.121	0.155	0.131	0.094	0.072	0.086	0.112	0.120	0.134	0.125	0.136	0.140	0.157	0.166	0.170	0.112	0.115	0.105	0.100	0.136	0.128	0.143	0.107	0.142	0.135	0.124	0.129	0.121	0.069	0.060	0.095	0.106	0.145	0.149	0.127	0.126	0.124	0.127	0.129	0.099	
17.667	0.075	0.069	0.096	0.106	0.145	0.150	0.139	0.135	0.123	0.154	0.141	0.097	0.073	0.088	0.115	0.122	0.131	0.131	0.138	0.143	0.161	0.171	0.165	0.118	0.116	0.101	0.095	0.130	0.125	0.146	0.105	0.144	0.140	0.125	0.133	0.124	0.074	0.061	0.094	0.107	0.147	0.147	0.131	0.127	0.128	0.128	0.132	0.102	
17.833	0.075	0.070	0.097	0.116	0.143	0.142	0.134	0.138	0.127	0.161	0.133	0.102	0.076	0.091	0.117	0.121	0.136	0.127	0.140	0.148	0.166	0.178	0.159	0.120	0.120	0.104	0.097	0.129	0.126	0.142	0.110	0.139	0.141	0.129	0.141	0.123	0.077	0.064	0.097	0.109	0.147	0.142	0.132	0.128	0.131	0.134	0.142	0.102	
18.000	0.076	0.071	0.098	0.112	0.137	0.140	0.146	0.141	0.135	0.166	0.140	0.102	0.078	0.093	0.123	0.122	0.138	0.130	0.138	0.147	0.164	0.180	0.166	0.117	0.123	0.110	0.103	0.138	0.126	0.144	0.113	0.143	0.147	0.135	0.147	0.127	0.076	0.065	0.097	0.108	0.141	0.141	0.132	0.129	0.139	0.139	0.136	0.108	
18.167	0.075	0.075	0.100	0.113	0.137	0.149	0.153	0.139	0.136	0.170	0.147	0.105	0.078	0.095	0.122	0.125	0.139	0.128	0.137	0.146	0.182	0.186	0.182	0.122	0.121	0.112	0.102	0.137	0.122	0.136	0.114	0.151	0.151	0.140	0.155	0.133	0.077	0.063	0.098	0.109	0.143	0.141	0.132	0.132	0.141	0.142	0.141	0.112	
18.333	0.080	0.079	0.102	0.113	0.142	0.160	0.146	0.145	0.139	0.171	0.151	0.105	0.082	0.095	0.128	0.134	0.138	0.126	0.138	0.150	0.191	0.179	0.183	0.131	0.131	0.114	0.108	0.141	0.123	0.138	0.111	0.152	0.154	0.141	0.151	0.132	0.081	0.067	0.102	0.115	0.154	0.147	0.132	0.138	0.145	0.148	0.151	0.112	
18.500	0.080	0.080	0.105	0.114	0.145	0.157	0.149	0.145	0.138	0.183	0.154	0.105	0.083	0.097	0.126	0.132	0.142	0.130	0.133	0.153	0.196	0.183	0.185	0.133	0.137	0.114	0.108	0.142	0.126	0.145	0.118	0.149	0.160	0.148	0.158	0.135	0.081	0.065	0.102	0.116	0.155	0.148	0.135	0.142	0.149	0.152	0.147	0.106	
18.667	0.082	0.079	0.107	0.115	0.139	0.158	0.143	0.153	0.148	0.189	0.149	0.115	0.083	0.097	0.125	0.133	0.139	0.134	0.137	0.157	0.198	0.199	0.179	0.128	0.145	0.114	0.110	0.141	0.132	0.145	0.120	0.145	0.156	0.155	0.163	0.138	0.082	0.072	0.101	0.115	0.151	0.144	0.137	0.145	0.155	0.157	0.152	0.109	
18.833	0.080	0.081	0.108	0.120	0.140	0.156	0.150	0.157	0.155	0.202	0.163	0.115	0.082	0.108	0.127	0.130	0.142	0.137	0.142	0.162	0.205	0.202	0.189	0.126	0.147	0.120	0.115	0.147	0.134	0.146	0.118	0.156	0.165	0.158	0.165	0.143	0.082	0.070	0.103	0.114	0.152	0.147	0.139	0.146	0.160	0.159	0.155	0.112	
19.000	0.080	0.084	0.110	0.113	0.145	0.164	0.152	0.153	0.158	0.207	0.150	0.117	0.086	0.114	0.132	0.130	0.150	0.144	0.138	0.163	0.214	0.214	0.197	0.130	0.143	0.122	0.115	0.147	0.135	0.155	0.123	0.160	0.172	0.160	0.167	0.142	0.082	0.073	0.108	0.116	0.148	0.152	0.142	0.154	0.164	0.168	0.165	0.114	
19.167	0.088	0.084	0.109	0.116	0.145	0.178	0.160	0.155	0.165	0.211	0.154	0.119	0.089	0.110	0.137	0.141	0.147	0.145	0.140	0.170	0.222	0.223	0.206	0.130	0.146	0.122	0.116	0.145	0.130	0.153	0.125	0.164	0.178	0.166	0.172	0.140	0.085	0.072	0.106	0.117	0.154	0.155	0.150	0.156	0.172	0.167	0.159	0.114	
19.333	0.084	0.085	0.112	0.117	0.149	0.175	0.164	0.157	0.178	0.215	0.161	0.115	0.093	0.109	0.138	0.137	0.143	0.152	0.138	0.182	0.220	0.226	0.208	0.129	0.142	0.128	0.115	0.151	0.133	0.155	0.131	0.166	0.178	0.163	0.171	0.141	0.087	0.074	0.112	0.120	0.157	0.164	0.158	0.159	0.174	0.168	0.164	0.113	
19.500	0.085	0.087	0.112	0.120	0.146	0.175	0.166	0.158	0.177	0.215	0.167	0.114	0.094	0.115	0.142	0.137	0.146	0.158	0.148	0.181	0.227	0.230	0.213	0.133	0.145	0.137	0.120	0.146	0.136	0.155	0.132	0.168	0.181	0.174	0.176	0.150	0.088	0.078	0.112	0.119	0.159	0.167	0.166	0.158	0.175	0.176	0.162	0.120	
19.667	0.083	0.089	0.111	0.122	0.148	0.170	0.169	0.165	0.180	0.215	0.161	0.107	0.088	0.122	0.140	0.145	0.147	0.163	0.147	0.176	0.227	0.232	0.219	0.135	0.146	0.135	0.123	0.148	0.142	0.157	0.135	0.171	0.190	0.175	0.167	0.150	0.082	0.076	0.111	0.123	0.163	0.171	0.161	0.161	0.178	0.173	0.162	0.115	
19.833	0.080	0.091	0.118	0.122	0.152	0.181	0.177	0.171	0.187	0.217	0.162	0.113	0.095	0.127	0.146	0.148	0.149	0.160	0.147	0.182	0.241	0.235	0.208	0.133	0.147	0.137	0.129	0.155	0.148	0.172	0.135	0.170	0.188	0.171	0.175	0.147	0.081	0.079	0.112	0.123	0.161	0.168	0.165	0.167	0.177	0.179	0.158	0.119	
20.000	0.079	0.092	0.115	0.126	0.151	0.178	0.177	0.165	0.199	0.214	0.162	0.115	0.090	0.123	0.141	0.147	0.150	0.162	0.147	0.192	0.249	0.228	0.209	0.126	0.147	0.138	0.124	0.157	0.149	0.177	0.142	0.178	0.194	0.168	0.176	0.149	0.084	0.078	0.113	0.121	0.169	0.170	0.172	0.171	0.180	0.173	0.154	0.118	
20.167	0.082	0.091	0.113	0.128	0.160	0.182	0.174	0.169	0.196	0.218	0.156	0.113	0.090	0.118	0.142	0.141	0.153	0.164	0.157	0.200	0.242	0.242	0.206	0.130	0.145	0.131	0.123	0.163	0.143	0.168	0.147	0.185	0.198	0.171	0.174	0.139	0.085	0.080	0.110	0.122	0.164	0.179	0.174	0.175	0.179	0.173	0.152	0.114	
20.333	0.082	0.088	0.113	0.126	0.161	0.185	0.168	0.171	0.197	0.224	0.159	0.108	0.093	0.117	0.145	0.144	0.157	0.168	0.169	0.195	0.244	0.241	0.224	0.129	0.145	0.137	0.124	0.161	0.145	0.178	0.153	0.190	0.194	0.174	0.175	0.143	0.080	0.078	0.111	0.121	0.169	0.179	0.181	0.189	0.178	0.174	0.149	0.113	
20.500	0.080	0.086	0.115	0.133	0.161	0.186	0.189	0.175	0.197	0.227	0.158	0.108	0.088	0.120	0.143	0.142	0.157	0.175	0.165	0.196	0.242	0.241	0.216	0.127	0.143	0.137	0.123	0.153	0.156	0.172	0.163	0.190	0.195	0.170	0.170	0.144	0.081	0.075	0.111	0.123	0.163	0.188	0.181	0.189	0.182	0.172	0.146	0.108	
20.667	0.080	0.085	0.112	0.130	0.158	0.190	0.192	0.176	0.191	0.221	0.148	0.103	0.084	0.115	0.141	0.149	0.156	0.179	0.164	0.199	0.236	0.236	0.199	0.132	0.142	0.141	0.121	0.158	0.158	0.180	0.149	0.205	0.195	0.167	0.164	0.138	0.083	0.075	0.110	0.125	0.179	0.189	0.180	0.182	0.176	0.173	0.139	0.104	
20.833	0.081	0.086	0.109	0.130	0.157	0.203	0.187	0.185	0.193	0.218	0.145	0.103	0.083	0.114	0.142	0.146	0.153	0.190	0.167	0.213	0.254	0.229	0.207	0.122	0.140	0.139	0.120	0.158	0.163	0.183	0.158	0.203	0.201	0.168	0.165	0.136	0.081	0.076	0.102	0.121	0.173	0.193	0.180	0.187	0.185	0.174	0.135	0.096	
21.000	0.082	0.078	0.112	0.133	0.159	0.207	0.182	0.190	0.195	0.213	0.137	0.099	0.084	0.115	0.144	0.146	0.164	0.192	0.171	0.214	0.236	0.228	0.198	0.124	0.141	0.133	0.119	0.163	0.169	0.188	0.162	0.199	0.195	0.163	0.153	0.140	0.079	0.075	0.108	0.118	0.166	0.188	0.188	0.200	0.186	0.167	0.129	0.099	
21.167	0.079	0.075	0.114	0.126	0.155	0.195	0.198	0.186	0.198	0.205	0.137	0.099	0.083	0.110	0.136	0.144	0.163	0.187	0.173	0.210	0.236	0.228	0.187	0.118	0.135	0.133	0.116	0.156	0.169	0.194	0.164	0.203	0.195	0.162	0.149	0.136	0.081	0.071	0.108	0.125	0.170	0.194	0.190	0.197	0.176	0.162	0.127	0.097	
21.333	0.072	0.076	0.106	0.127	0.156	0.199	0.196	0.191	0.197	0.203	0.132	0.100	0.082	0.112	0.128	0.142	0.164	0.187	0.169	0.210	0.233	0.224	0.175	0.112	0.132	0.128	0.112	0.159	0.170	0.188	0.162	0.204	0.187	0.156	0.150	0.137	0.081	0.075	0.103	0.123	0.169	0.205	0.193	0.199	0.186	0.160	0.126	0.089	
21.500	0.077	0.072	0.103	0.127	0.165	0.206	0.202	0.186	0.184	0.199	0.127	0.096	0.080	0.106	0.125	0.144	0.162	0.192	0.182	0.219	0.227	0.218	0.172	0.113	0.126	0.128	0.110	0.156	0.171	0.186	0.165	0.212	0.190	0.152	0.137	0.128	0.077	0.067	0.101	0.113	0.170	0.205	0.194	0.198	0.187	0.149	0.121	0.084	
21.667	0.076	0.069	0.103	0.119	0.171	0.203	0.205	0.189	0.174	0.195	0.116	0.090	0.078	0.100	0.120	0.141	0.166	0.200	0.184	0.230	0.230	0.210	0.170	0.115	0.120	0.126	0.104	0.145	0.176	0.187	0.161	0.214	0.180	0.150	0.135	0.123	0.073	0.066	0.096	0.110	0.169	0.203	0.198	0.209	0.183	0.143	0.116	0.084	
21.833	0.075	0.065	0.093	0.116	0.169	0.211	0.206	0.190	0.168	0.177	0.113	0.086	0.074	0.096	0.115	0.138	0.169	0.198	0.183	0.233	0.233	0.206	0.148	0.105	0.118	0.117	0.098	0.147	0.175	0.185	0.164	0.205	0.184	0.140	0.140	0.131	0.072	0.064	0.091	0.116	0.169	0.199	0.209	0.204	0.183	0.133	0.108	0.079	
22.000	0.067	0.061	0.092	0.116	0.173	0.204	0.206	0.194	0.168	0.178	0.107	0.084	0.071	0.094	0.108	0.133	0.167	0.194	0.185	0.235	0.224	0.187	0.144	0.104	0.109	0.109	0.095	0.149	0.173	0.200	0.183	0.204	0.176	0.133	0.127	0.121	0.071	0.063	0.087	0.116	0.172	0.204	0.203	0.200	0.169	0.128	0.102	0.075	
22.167	0.064	0.059	0.089	0.116	0.177	0.209	0.197	0.198	0.159	0.167	0.105	0.080	0.070	0.090	0.101	0.130	0.165	0.203	0.192	0.214	0.216	0.178	0.145	0.100	0.106	0.103	0.096	0.147	0.179	0.197	0.173	0.206	0.173	0.131	0.124	0.117	0.068	0.058	0.085	0.111	0.173	0.206	0.196	0.196	0.168	0.122	0.101	0.071	
22.333	0.062	0.055	0.081	0.114	0.176	0.206	0.201	0.196	0.152	0.152	0.102	0.077	0.066	0.088	0.096	0.127	0.171	0.204	0.190	0.222	0.204	0.173	0.136	0.101	0.098	0.099	0.093	0.137	0.188	0.209	0.180	0.204	0.166	0.118	0.121	0.109	0.066	0.056	0.082	0.106	0.181	0.214	0.201	0.197	0.154	0.116	0.093	0.065	
22.500	0.060	0.055	0.080	0.111	0.175	0.216	0.198	0.189	0.141	0.146	0.098	0.072	0.066	0.079	0.094	0.125	0.170	0.204	0.197	0.230	0.196	0.166	0.126	0.095	0.093	0.101	0.092	0.130	0.179	0.215	0.186	0.201	0.161	0.119	0.117	0.102	0.065	0.055	0.081	0.106	0.174	0.206	0.201	0.200	0.149	0.106	0.087	0.061	
22.667	0.056	0.054	0.080	0.107	0.176	0.213	0.197	0.184	0.146	0.139	0.096	0.068	0.061	0.077	0.089	0.120	0.172	0.210	0.207	0.223	0.191	0.163	0.118	0.098	0.095	0.090	0.083	0.128	0.178	0.200	0.179	0.200	0.157	0.111	0.110	0.101	0.064	0.048	0.078	0.101	0.166	0.199	0.204	0.190	0.146	0.104	0.082	0.056	
22.833	0.056	0.050	0.079	0.103	0.173	0.202	0.196	0.198	0.140	0.129	0.091	0.070	0.057	0.080	0.089	0.113	0.168	0.219	0.205	0.220	0.198	0.158	0.116	0.088	0.087	0.085	0.085	0.120	0.182	0.206	0.180	0.193	0.152	0.113	0.109	0.096	0.060	0.048	0.073	0.094	0.169	0.200	0.205	0.197	0.136	0.099	0.080	0.056	
23.000	0.051	0.051	0.075	0.099	0.173	0.203	0.190	0.190	0.128	0.119	0.083	0.063	0.055	0.077	0.085	0.117	0.157	0.220	0.204	0.206	0.192	0.140	0.108	0.085	0.085	0.084	0.078	0.119	0.186	0.206	0.184	0.198	0.137	0.106	0.103	0.092	0.060	0.046	0.073	0.094	0.164	0.200	0.196	0.184	0.134	0.096	0.075	0.053	
23.167	0.053	0.047	0.068	0.098	0.183	0.196	0.197	0.179	0.122	0.114	0.083	0.059	0.052	0.073	0.082	0.115	0.161	0.214	0.197	0.205	0.186	0.145	0.104	0.076	0.083	0.082	0.077	0.117	0.186	0.210	0.182	0.194	0.138	0.098	0.095	0.087	0.059	0.045	0.067	0.090	0.162	0.207	0.194	0.181	0.131	0.094	0.073	0.049	
23.333	0.050	0.044	0.067	0.090	0.175	0.208	0.195	0.189	0.119	0.111	0.081	0.054	0.050	0.071	0.080	0.104	0.162	0.222	0.190	0.203	0.174	0.145	0.102	0.069	0.074	0.080	0.074	0.112	0.185	0.209	0.184	0.192	0.131	0.098	0.096	0.079	0.054	0.041	0.065	0.090	0.168	0.210	0.192	0.175	0.133	0.092	0.070	0.051	
23.500	0.049	0.041	0.067	0.094	0.177	0.198	0.178	0.175	0.111	0.103	0.077	0.054	0.042	0.065	0.078	0.095	0.173	0.208	0.182	0.198	0.158	0.126	0.097	0.077	0.066	0.069	0.072	0.113	0.178	0.209	0.181	0.182	0.130	0.095	0.089	0.076	0.049	0.040	0.062	0.084	0.161	0.210	0.182	0.170	0.114	0.091	0.067	0.046	
23.667	0.046	0.040	0.064	0.095	0.164	0.187	0.172	0.171	0.104	0.103	0.076	0.050	0.043	0.064	0.076	0.096	0.168	0.217	0.183	0.195	0.158	0.127	0.099	0.069	0.064	0.066	0.069	0.107	0.171	0.202	0.184	0.186	0.120	0.093	0.088	0.073	0.048	0.039	0.062	0.084	0.162	0.208	0.189	0.161	0.113	0.085	0.065	0.044	
23.833	0.043	0.038	0.060	0.088	0.177	0.185	0.175	0.167	0.107	0.099	0.074	0.050	0.044	0.057	0.072	0.096	0.154	0.211	0.184	0.181	0.151	0.132	0.092	0.066	0.069	0.066	0.067	0.111	0.166	0.199	0.172	0.174	0.123	0.091	0.084	0.074	0.048	0.035	0.058	0.082	0.159	0.198	0.189	0.161	0.114	0.084	0.064	0.043	
