Hour	01/2013	02/2013	03/2013	04/2013	05/2013	06/2013	07/2013	08/2013	09/2013	10/2013	11/2013	12/2013	01/2014	02/2014	03/2014	04/2014	05/2014	06/2014	07/2014	08/2014	09/2014	10/2014	11/2014	12/2014	01/2015	02/2015	03/2015	04/2015	05/2015	06/2015	07/2015	08/2015	09/2015	10/2015	11/2015	12/2015	01/2016	02/2016	03/2016	04/2016	05/2016	06/2016	07/2016	08/2016	09/2016	10/2016	11/2016	12/2016	
[UT]	[pT^2/Hz]	[pT^2/Hz]	[pT^2/Hz]	[pT^2/Hz]	[pT^2/Hz]	[pT^2/Hz]	[pT^2/Hz]	[pT^2/Hz]	[pT^2/Hz]	[pT^2/Hz]	[pT^2/Hz]	[pT^2/Hz]	[pT^2/Hz]	[pT^2/Hz]	[pT^2/Hz]	[pT^2/Hz]	[pT^2/Hz]	[pT^2/Hz]	[pT^2/Hz]	[pT^2/Hz]	[pT^2/Hz]	[pT^2/Hz]	[pT^2/Hz]	[pT^2/Hz]	[pT^2/Hz]	[pT^2/Hz]	[pT^2/Hz]	[pT^2/Hz]	[pT^2/Hz]	[pT^2/Hz]	[pT^2/Hz]	[pT^2/Hz]	[pT^2/Hz]	[pT^2/Hz]	[pT^2/Hz]	[pT^2/Hz]	[pT^2/Hz]	[pT^2/Hz]	[pT^2/Hz]	[pT^2/Hz]	[pT^2/Hz]	[pT^2/Hz]	[pT^2/Hz]	[pT^2/Hz]	[pT^2/Hz]	[pT^2/Hz]	[pT^2/Hz]	[pT^2/Hz]	
0.000	0.263	0.253	0.287	0.390	0.843	0.840	0.742	0.658	0.457	0.420	0.356	0.269	0.232	0.255	0.358	0.475	0.665	0.878	0.725	0.649	0.646	0.483	0.357	0.375	0.312	0.329	0.328	0.488	0.695	0.854	0.741	0.753	nan	nan	nan	nan	nan	nan	nan	0.474	0.701	0.840	0.784	0.724	0.528	0.428	0.378	0.261	
0.167	0.255	0.237	0.270	0.423	0.811	0.831	0.719	0.655	0.437	0.409	0.355	0.266	0.236	0.248	0.345	0.476	0.605	0.855	0.694	0.660	0.646	0.491	0.356	0.330	0.294	0.340	0.339	0.513	0.658	0.822	0.689	0.723	nan	nan	nan	nan	nan	nan	nan	0.424	0.696	0.905	0.761	0.732	0.524	0.438	0.371	0.266	
0.333	0.254	0.237	0.277	0.390	0.771	0.826	0.694	0.621	0.458	0.382	0.362	0.271	0.225	0.256	0.371	0.431	0.654	0.810	0.714	0.644	0.671	0.464	0.343	0.335	0.296	0.359	0.319	0.486	0.643	0.801	0.669	0.704	nan	nan	nan	nan	nan	nan	nan	0.449	0.678	0.787	0.730	0.702	0.475	0.424	0.371	0.259	
0.500	0.257	0.234	0.269	0.419	0.754	0.789	0.694	0.598	0.431	0.411	0.374	0.279	0.231	0.248	0.381	0.444	0.621	0.796	0.665	0.643	0.647	0.448	0.340	0.357	0.306	0.351	0.315	0.488	0.647	0.765	0.694	0.682	nan	nan	nan	nan	nan	nan	nan	0.398	0.692	0.789	0.701	0.659	0.463	0.412	0.348	0.257	
0.667	0.237	0.238	0.252	0.379	0.807	0.744	0.687	0.602	0.420	0.397	0.363	0.264	0.209	0.232	0.353	0.438	0.628	0.755	0.632	0.581	0.626	0.457	0.345	0.346	0.294	0.332	0.316	0.484	0.656	0.731	0.643	0.707	nan	nan	nan	nan	nan	nan	nan	0.422	0.668	0.772	0.704	0.623	0.481	0.429	0.356	0.260	
0.833	0.242	0.235	0.257	0.396	0.741	0.716	0.637	0.563	0.399	0.391	0.356	0.258	0.230	0.250	0.344	0.438	0.643	0.737	0.650	0.568	0.593	0.435	0.338	0.323	0.291	0.333	0.290	0.465	0.610	0.768	0.636	0.711	nan	nan	nan	nan	nan	nan	nan	0.408	0.633	0.738	0.700	0.610	0.479	0.422	0.348	0.240	
1.000	0.230	0.239	0.261	0.414	0.755	0.705	0.668	0.562	0.405	0.378	0.334	0.284	0.232	0.241	0.348	0.446	0.582	0.724	0.601	0.556	0.585	0.445	0.338	0.321	0.295	0.316	0.295	0.488	0.592	0.719	0.616	0.641	nan	nan	nan	nan	nan	nan	nan	0.387	0.636	0.732	0.632	0.595	0.481	0.440	0.347	0.261	
1.167	0.263	0.247	0.269	0.390	0.748	0.669	0.637	0.556	0.383	0.364	0.328	0.260	0.207	0.237	0.329	0.423	0.533	0.719	0.623	0.561	0.589	0.417	0.350	0.349	0.295	0.314	0.284	0.459	0.580	0.724	0.611	0.658	nan	nan	nan	nan	nan	nan	nan	0.385	0.585	0.721	0.612	0.570	0.448	0.401	0.348	0.250	
1.333	0.249	0.245	0.275	0.368	0.729	0.664	0.627	0.576	0.399	0.371	0.336	0.268	0.205	0.243	0.328	0.402	0.550	0.742	0.561	0.543	0.581	0.437	0.348	0.337	0.271	0.316	0.296	0.455	0.580	0.685	0.585	0.642	nan	nan	nan	nan	nan	nan	nan	0.380	0.638	0.678	0.640	0.575	0.466	0.402	0.334	0.247	
1.500	0.231	0.228	0.258	0.354	0.684	0.666	0.607	0.556	0.376	0.374	0.319	0.266	0.207	0.230	0.321	0.421	0.543	0.683	0.585	0.524	0.540	0.436	0.349	0.337	0.268	0.325	0.290	0.491	0.592	0.695	0.588	0.592	nan	nan	nan	nan	nan	nan	nan	0.397	0.563	0.665	0.625	0.555	0.429	0.398	0.347	0.253	
1.667	0.244	0.248	0.249	0.384	0.711	0.612	0.596	0.540	0.369	0.358	0.345	0.251	0.192	0.237	0.330	0.433	0.536	0.681	0.545	0.502	0.537	0.418	0.339	0.339	0.287	0.312	0.298	0.447	0.553	0.635	0.614	0.630	nan	nan	nan	nan	nan	nan	nan	0.401	0.554	0.680	0.601	0.545	0.432	0.420	0.343	0.250	
1.833	0.229	0.228	0.265	0.371	0.686	0.617	0.555	0.528	0.368	0.360	0.354	0.264	0.201	0.235	0.343	0.413	0.511	0.634	0.561	0.522	0.531	0.418	0.342	0.349	0.289	0.314	0.287	0.468	0.538	0.634	0.589	0.572	nan	nan	nan	nan	nan	nan	nan	0.344	0.526	0.641	0.594	0.552	0.449	0.391	0.326	0.237	
2.000	0.223	0.245	0.257	0.355	0.708	0.625	0.601	0.523	0.400	0.368	0.324	0.264	0.215	0.234	0.325	0.399	0.536	0.638	0.538	0.505	0.560	0.421	0.337	0.315	0.271	0.316	0.297	0.430	0.566	0.591	0.555	0.538	nan	nan	nan	nan	nan	nan	nan	0.342	0.538	0.663	0.575	0.544	0.419	0.412	0.344	0.261	
2.167	0.232	0.238	0.243	0.366	0.634	0.607	0.530	0.520	0.369	0.349	0.334	0.273	0.202	0.236	0.319	0.391	0.475	0.649	0.520	0.477	0.527	0.409	0.345	0.331	0.250	0.321	0.298	0.451	0.510	0.574	0.578	0.557	nan	nan	nan	nan	nan	nan	nan	0.332	0.520	0.638	0.570	0.535	0.428	0.394	0.340	0.259	
2.333	0.242	0.246	0.246	0.360	0.688	0.587	0.547	0.504	0.358	0.361	0.332	0.268	0.226	0.235	0.306	0.379	0.526	0.616	0.514	0.486	0.557	0.395	0.359	0.344	0.270	0.309	0.283	0.424	0.510	0.616	0.521	0.535	nan	nan	nan	nan	nan	nan	nan	0.363	0.539	0.624	0.589	0.514	0.426	0.404	0.340	0.264	
2.500	0.231	0.251	0.265	0.343	0.683	0.601	0.558	0.510	0.382	0.344	0.353	0.254	0.190	0.238	0.310	0.381	0.503	0.610	0.498	0.521	0.541	0.398	0.330	0.363	0.263	0.315	0.294	0.425	0.514	0.601	0.522	0.509	nan	nan	nan	nan	nan	nan	nan	0.372	0.536	0.620	0.549	0.521	0.452	0.411	0.354	0.271	
2.667	0.243	0.245	0.256	0.338	0.646	0.555	0.545	0.534	0.373	0.354	0.346	0.272	0.200	0.225	0.311	0.385	0.498	0.582	0.499	0.482	0.560	0.393	0.340	0.339	0.260	0.295	0.295	0.439	0.495	0.586	0.528	0.516	nan	nan	nan	nan	nan	nan	nan	0.337	0.478	0.618	0.525	0.534	0.445	0.442	0.330	0.277	
2.833	0.239	0.238	0.245	0.344	0.667	0.591	0.542	0.513	0.373	0.360	0.332	0.281	0.192	0.234	0.316	0.363	0.500	0.587	0.515	0.476	0.528	0.400	0.334	0.345	0.267	0.296	0.293	0.426	0.505	0.571	0.536	0.507	nan	nan	nan	nan	nan	nan	nan	0.343	0.496	0.583	0.519	0.521	0.430	0.433	0.332	0.270	
3.000	0.239	0.256	0.253	0.324	0.614	0.578	0.551	0.485	0.386	0.369	0.340	0.267	0.218	0.227	0.324	0.365	0.442	0.615	0.504	0.501	0.546	0.381	0.353	0.367	0.273	0.327	0.314	0.417	0.528	0.544	0.521	0.526	nan	nan	nan	nan	nan	nan	nan	0.368	0.486	0.599	0.508	0.494	0.410	0.441	0.348	0.271	
3.167	0.234	0.230	0.245	0.327	0.653	0.592	0.545	0.479	0.358	0.346	0.369	0.269	0.198	0.226	0.325	0.376	0.452	0.600	0.514	0.453	0.560	0.368	0.350	0.377	0.268	0.316	0.289	0.415	0.526	0.534	0.517	0.523	nan	nan	nan	nan	nan	nan	nan	0.368	0.486	0.574	0.493	0.533	0.429	0.428	0.330	0.290	
3.333	0.242	0.248	0.272	0.323	0.626	0.520	0.522	0.477	0.369	0.365	0.339	0.274	0.211	0.223	0.309	0.392	0.446	0.562	0.482	0.453	0.523	0.392	0.338	0.379	0.269	0.301	0.319	0.409	0.476	0.544	0.516	0.536	nan	nan	nan	nan	nan	nan	nan	0.353	0.471	0.586	0.488	0.529	0.402	0.417	0.367	0.304	
3.500	0.222	0.236	0.270	0.332	0.619	0.636	0.517	0.460	0.380	0.373	0.358	0.286	0.221	0.232	0.306	0.400	0.453	0.562	0.500	0.449	0.536	0.397	0.362	0.401	0.275	0.297	0.298	0.397	0.495	0.522	0.535	0.502	nan	nan	nan	nan	nan	nan	nan	0.342	0.491	0.573	0.514	0.489	0.431	0.425	0.389	0.292	
3.667	0.230	0.248	0.257	0.313	0.600	0.562	0.515	0.493	0.382	0.384	0.356	0.288	0.217	0.251	0.312	0.376	0.464	0.587	0.466	0.462	0.526	0.402	0.373	0.416	0.287	0.315	0.311	0.390	0.459	0.518	0.534	0.534	nan	nan	nan	nan	nan	nan	nan	0.352	0.488	0.551	0.488	0.504	0.421	0.451	0.363	0.302	
3.833	0.252	0.229	0.265	0.341	0.572	0.562	0.495	0.495	0.380	0.402	0.376	0.296	0.210	0.248	0.302	0.394	0.474	0.583	0.503	0.490	0.517	0.405	0.391	0.405	0.293	0.325	0.294	0.377	0.480	0.518	0.492	0.491	nan	nan	nan	nan	nan	nan	nan	0.367	0.474	0.550	0.507	0.493	0.422	0.429	0.375	0.289	
4.000	0.229	0.248	0.256	0.347	0.570	0.561	0.513	0.475	0.366	0.396	0.361	0.312	0.218	0.248	0.326	0.392	0.469	0.586	0.474	0.473	0.514	0.426	0.377	0.412	0.282	0.316	0.296	0.418	0.446	0.532	0.497	0.485	nan	nan	nan	nan	nan	nan	nan	0.368	0.480	0.575	0.488	0.533	0.447	0.443	0.373	0.309	
4.167	0.237	0.239	0.260	0.341	0.613	0.592	0.518	0.491	0.361	0.420	0.364	0.285	0.217	0.267	0.321	0.394	0.496	0.578	0.492	0.507	0.528	0.403	0.398	0.439	0.312	0.320	0.291	0.406	0.467	0.534	0.505	0.464	nan	nan	nan	nan	nan	nan	nan	0.353	0.500	0.571	0.518	0.523	0.439	0.472	0.391	0.325	
4.333	0.234	0.243	0.261	0.320	0.600	0.559	0.509	0.491	0.369	0.397	0.391	0.312	0.220	0.266	0.315	0.390	0.480	0.569	0.494	0.497	0.531	0.409	0.395	0.456	0.324	0.313	0.307	0.410	0.449	0.562	0.492	0.493	nan	nan	nan	nan	nan	nan	nan	0.360	0.500	0.578	0.502	0.549	0.412	0.445	0.405	0.314	
4.500	0.253	0.247	0.267	0.332	0.571	0.566	0.520	0.505	0.350	0.403	0.387	0.323	0.212	0.243	0.340	0.417	0.473	0.563	0.510	0.473	0.501	0.409	0.386	0.449	0.315	0.314	0.315	0.400	0.470	0.555	0.489	0.518	nan	nan	nan	nan	nan	nan	nan	0.373	0.496	0.579	0.480	0.517	0.437	0.427	0.393	0.326	
4.667	0.248	0.248	0.261	0.331	0.632	0.582	0.486	0.507	0.381	0.409	0.368	0.337	0.211	0.248	0.325	0.385	0.477	0.573	0.487	0.505	0.516	0.444	0.409	0.496	0.322	0.336	0.302	0.420	0.461	0.564	0.482	0.540	nan	nan	nan	nan	nan	nan	nan	0.400	0.524	0.546	0.527	0.540	0.418	0.407	0.405	0.331	
4.833	0.247	0.253	0.266	0.335	0.592	0.595	0.497	0.498	0.384	0.418	0.371	0.329	0.216	0.246	0.338	0.390	0.501	0.597	0.527	0.511	0.531	0.439	0.416	0.510	0.325	0.355	0.294	0.443	0.458	0.547	0.466	0.505	nan	nan	nan	nan	nan	nan	nan	0.366	0.512	0.591	0.519	0.525	0.448	0.432	0.412	0.321	
5.000	0.257	0.269	0.279	0.332	0.591	0.597	0.497	0.509	0.379	0.423	0.383	0.354	0.218	0.242	0.326	0.396	0.481	0.605	0.513	0.480	0.484	0.433	0.459	0.547	0.327	0.345	0.318	0.442	0.462	0.521	0.487	0.527	nan	nan	nan	nan	nan	nan	nan	0.392	0.532	0.617	0.524	0.536	0.450	0.430	0.409	0.333	
5.167	0.280	0.261	0.268	0.350	0.629	0.630	0.544	0.506	0.367	0.415	0.414	0.354	0.228	0.257	0.342	0.424	0.532	0.610	0.524	0.504	0.515	0.465	0.450	0.528	0.333	0.356	0.314	0.451	0.502	0.534	0.497	0.537	nan	nan	nan	nan	nan	nan	nan	0.380	0.562	0.606	0.557	0.567	0.443	0.456	0.414	0.336	
5.333	0.266	0.291	0.278	0.358	0.638	0.599	0.546	0.499	0.378	0.393	0.390	0.359	0.217	0.270	0.350	0.416	0.494	0.609	0.542	0.513	0.519	0.444	0.462	0.561	0.344	0.363	0.336	0.468	0.467	0.542	0.538	0.514	nan	nan	nan	nan	nan	nan	nan	0.397	0.559	0.616	0.553	0.546	0.454	0.457	0.420	0.359	
5.500	0.280	0.290	0.298	0.391	0.653	0.623	0.545	0.542	0.387	0.440	0.402	0.379	0.216	0.277	0.329	0.461	0.513	0.606	0.551	0.529	0.549	0.440	0.454	0.592	0.344	0.363	0.352	0.460	0.495	0.536	0.546	0.543	nan	nan	nan	nan	nan	nan	nan	0.374	0.568	0.627	0.579	0.569	0.455	0.460	0.432	0.362	
5.667	0.303	0.294	0.284	0.395	0.648	0.657	0.529	0.526	0.396	0.405	0.438	0.381	0.230	0.284	0.349	0.456	0.575	0.593	0.530	0.527	0.509	0.462	0.459	0.587	0.387	0.377	0.346	0.452	0.514	0.572	0.525	0.563	nan	nan	nan	nan	nan	nan	nan	0.403	0.575	0.674	0.580	0.549	0.460	0.497	0.473	0.370	
5.833	0.322	0.301	0.297	0.413	0.657	0.634	0.555	0.531	0.374	0.451	0.425	0.370	0.233	0.261	0.346	0.449	0.526	0.633	0.549	0.529	0.555	0.462	0.471	0.638	0.369	0.384	0.382	0.464	0.503	0.574	0.535	0.587	nan	nan	nan	nan	nan	nan	nan	0.402	0.562	0.656	0.599	0.566	0.482	0.474	0.473	0.376	
6.000	0.298	0.297	0.295	0.396	0.696	0.632	0.542	0.558	0.372	0.445	0.428	0.395	0.237	0.289	0.355	0.444	0.568	0.643	0.548	0.540	0.543	0.483	0.508	0.647	0.381	0.407	0.383	0.491	0.515	0.576	0.554	0.580	nan	nan	nan	nan	nan	nan	nan	0.412	0.587	0.660	0.599	0.614	0.475	0.448	0.495	0.398	
6.167	0.331	0.310	0.311	0.409	0.706	0.704	0.581	0.566	0.394	0.434	0.440	0.381	0.222	0.260	0.380	0.484	0.587	0.630	0.579	0.569	0.550	0.465	0.523	0.661	0.396	0.404	0.391	0.527	0.527	0.583	0.555	0.611	nan	nan	nan	nan	nan	nan	nan	0.426	0.599	0.676	0.633	0.579	0.469	0.448	0.480	0.398	
6.333	0.330	0.329	0.321	0.424	0.682	0.702	0.584	0.564	0.387	0.498	0.459	0.380	0.248	0.301	0.385	0.485	0.600	0.650	0.603	0.586	0.544	0.508	0.484	0.693	0.388	0.440	0.411	0.483	0.555	0.608	0.579	0.610	nan	nan	nan	nan	nan	nan	nan	0.447	0.618	0.738	0.620	0.634	0.484	0.446	0.480	0.396	
6.500	0.330	0.325	0.336	0.450	0.696	0.674	0.606	0.617	0.406	0.420	0.435	0.425	0.248	0.277	0.411	0.503	0.645	0.656	0.614	0.612	0.559	0.489	0.509	0.652	0.412	0.430	0.419	0.534	0.611	0.643	0.623	0.637	nan	nan	nan	nan	nan	nan	nan	0.475	0.625	0.706	0.649	0.601	0.514	0.471	0.477	0.386	
6.667	0.321	0.324	0.369	0.457	0.739	0.723	0.620	0.606	0.434	0.460	0.454	0.408	0.249	0.282	0.393	0.508	0.669	0.663	0.617	0.625	0.559	0.522	0.512	0.685	0.406	0.450	0.432	0.553	0.608	0.653	0.581	0.590	nan	nan	nan	nan	nan	nan	nan	0.470	0.650	0.766	0.653	0.631	0.495	0.449	0.538	0.402	
6.833	0.339	0.342	0.368	0.448	0.730	0.744	0.623	0.607	0.432	0.489	0.450	0.410	0.252	0.294	0.403	0.545	0.648	0.702	0.637	0.629	0.587	0.508	0.540	0.701	0.424	0.486	0.447	0.549	0.622	0.667	0.606	0.614	nan	nan	nan	nan	nan	nan	nan	0.480	0.680	0.730	0.695	0.652	0.531	0.487	0.504	0.418	
7.000	0.349	0.361	0.382	0.491	0.740	0.779	0.635	0.657	0.418	0.494	0.455	0.438	0.249	0.288	0.411	0.552	0.690	0.740	0.645	0.627	0.589	0.515	0.541	0.713	0.446	0.500	0.462	0.593	0.608	0.624	0.608	0.662	nan	nan	nan	nan	nan	nan	nan	0.523	0.667	0.760	0.696	0.672	0.551	0.497	0.550	0.409	
7.167	0.365	0.359	0.399	0.468	0.783	0.777	0.646	0.651	0.457	0.508	0.469	0.440	0.263	0.319	0.434	0.560	0.694	0.698	0.715	0.668	0.627	0.546	0.525	0.717	0.434	0.518	0.468	0.602	0.658	0.715	0.630	0.664	nan	nan	nan	nan	nan	nan	nan	0.510	0.711	0.786	0.741	0.681	0.551	0.528	0.541	0.417	
7.333	0.395	0.373	0.425	0.499	0.747	0.842	0.654	0.688	0.446	0.490	0.476	0.433	0.289	0.305	0.437	0.598	0.706	0.700	0.697	0.633	0.673	0.521	0.590	0.694	0.443	0.545	0.522	0.634	0.656	0.674	0.619	0.656	nan	nan	nan	nan	nan	nan	nan	0.541	0.727	0.765	0.750	0.654	0.560	0.503	0.570	0.428	
7.500	0.397	0.365	0.424	0.519	0.795	0.793	0.675	0.691	0.469	0.534	0.491	0.466	0.287	0.335	0.471	0.629	0.688	0.754	0.670	0.659	0.646	0.549	0.573	0.700	0.424	0.566	0.507	0.628	0.665	0.710	0.641	0.664	nan	nan	nan	nan	nan	nan	nan	0.544	0.706	0.800	0.744	0.668	0.603	0.537	0.585	0.438	
7.667	0.411	0.396	0.461	0.526	0.803	0.835	0.666	0.725	0.475	0.532	0.498	0.459	0.300	0.332	0.445	0.612	0.728	0.747	0.719	0.667	0.702	0.553	0.576	0.736	0.445	0.573	0.505	0.651	0.694	0.769	0.669	0.681	nan	nan	nan	nan	nan	nan	nan	0.552	0.785	0.857	0.757	0.721	0.585	0.544	0.601	0.450	
7.833	0.411	0.374	0.457	0.509	0.807	0.853	0.698	0.724	0.453	0.562	0.506	0.486	0.314	0.323	0.456	0.620	0.765	0.716	0.758	0.715	0.714	0.540	0.571	0.694	0.421	0.601	0.532	0.697	0.697	0.723	0.654	0.735	nan	nan	nan	nan	nan	nan	nan	0.566	0.782	0.857	0.788	0.724	0.586	0.576	0.577	0.422	
8.000	0.407	0.393	0.472	0.526	0.867	0.845	0.694	0.727	0.493	0.538	0.519	0.474	0.332	0.347	0.467	0.638	0.762	0.778	0.752	0.715	0.693	0.591	0.594	0.760	0.424	0.583	0.571	0.654	0.735	0.795	0.685	0.733	nan	nan	nan	nan	nan	nan	nan	0.588	0.785	0.821	0.785	0.761	0.626	0.579	0.560	0.434	
8.167	0.406	0.408	0.466	0.542	0.874	0.864	0.766	0.775	0.490	0.553	0.518	0.450	0.301	0.340	0.471	0.667	0.775	0.751	0.746	0.692	0.718	0.587	0.637	0.730	0.423	0.671	0.568	0.700	0.786	0.805	0.657	0.724	nan	nan	nan	nan	nan	nan	nan	0.586	0.817	0.890	0.824	0.688	0.616	0.530	0.545	0.416	
8.333	0.456	0.399	0.482	0.544	0.884	0.890	0.770	0.810	0.482	0.567	0.491	0.437	0.314	0.372	0.450	0.677	0.776	0.790	0.774	0.713	0.734	0.635	0.576	0.732	0.416	0.646	0.598	0.714	0.715	0.794	0.679	0.713	nan	nan	nan	nan	nan	nan	nan	0.579	0.817	0.897	0.810	0.754	0.634	0.537	0.536	0.434	
8.500	0.436	0.415	0.519	0.541	0.862	0.901	0.789	0.807	0.485	0.560	0.508	0.463	0.343	0.368	0.493	0.640	0.845	0.786	0.806	0.740	0.659	0.607	0.624	0.777	0.470	0.702	0.592	0.696	0.780	0.818	0.683	0.762	nan	nan	nan	nan	nan	nan	nan	0.592	0.857	0.914	0.853	0.763	0.633	0.556	0.570	0.449	
8.667	0.483	0.428	0.497	0.553	0.921	0.924	0.778	0.830	0.516	0.563	0.510	0.460	0.305	0.358	0.481	0.663	0.856	0.810	0.820	0.759	0.717	0.625	0.627	0.712	0.437	0.673	0.594	0.722	0.761	0.826	0.738	0.799	nan	nan	nan	nan	nan	nan	nan	0.630	0.834	0.904	0.870	0.781	0.647	0.597	0.543	0.467	
8.833	0.459	0.408	0.504	0.570	0.927	0.960	0.812	0.855	0.504	0.607	0.515	0.468	0.346	0.378	0.489	0.710	0.853	0.843	0.799	0.753	0.734	0.621	0.634	0.741	0.449	0.688	0.608	0.734	0.753	0.856	0.698	0.797	nan	nan	nan	nan	nan	nan	nan	0.612	0.854	0.935	0.882	0.784	0.653	0.590	0.542	0.484	
9.000	0.475	0.417	0.558	0.576	0.941	0.906	0.807	0.817	0.527	0.566	0.520	0.447	0.325	0.350	0.484	0.686	0.810	0.805	0.845	0.757	0.749	0.667	0.623	0.723	0.449	0.687	0.559	0.711	0.853	0.860	0.705	0.802	nan	nan	nan	nan	nan	nan	nan	0.692	0.887	0.961	0.910	0.794	0.665	0.550	0.533	0.463	
9.167	0.498	0.404	0.509	0.545	0.929	0.978	0.826	0.855	0.534	0.577	0.527	0.473	0.341	0.355	0.488	0.686	0.851	0.794	0.880	0.773	0.748	0.630	0.620	0.695	0.444	0.652	0.561	0.705	0.796	0.871	0.760	0.789	nan	nan	nan	nan	nan	nan	nan	0.674	0.885	1.025	0.862	0.813	0.676	0.595	0.555	0.467	
9.333	0.493	0.390	0.537	0.564	0.901	0.974	0.822	0.882	0.549	0.580	0.512	0.438	0.344	0.364	0.471	0.643	0.855	0.804	0.853	0.783	0.739	0.630	0.618	0.680	0.459	0.667	0.577	0.722	0.825	0.908	0.740	0.847	nan	nan	nan	nan	nan	nan	nan	0.660	0.920	0.936	0.876	0.747	0.708	0.583	0.545	0.453	
9.500	0.446	0.428	0.529	0.600	0.926	0.966	0.832	0.881	0.583	0.579	0.505	0.455	0.320	0.372	0.486	0.688	0.885	0.835	0.837	0.797	0.717	0.622	0.615	0.652	0.429	0.631	0.578	0.740	0.824	0.884	0.769	0.805	nan	nan	nan	nan	nan	nan	nan	0.630	0.943	0.930	0.919	0.842	0.687	0.650	0.530	0.462	
9.667	0.473	0.408	0.516	0.623	0.887	0.956	0.810	0.874	0.546	0.563	0.486	0.440	0.301	0.356	0.475	0.720	0.845	0.852	0.890	0.791	0.785	0.655	0.618	0.634	0.418	0.681	0.555	0.756	0.861	0.893	0.791	0.828	nan	nan	nan	nan	nan	nan	nan	0.664	0.916	1.001	0.904	0.796	0.667	0.610	0.539	0.447	
9.833	0.425	0.387	0.542	0.633	0.956	0.986	0.845	0.872	0.536	0.572	0.504	0.460	0.330	0.367	0.495	0.703	0.888	0.852	0.880	0.807	0.719	0.677	0.595	0.654	0.396	0.642	0.551	0.754	0.796	0.862	0.760	0.824	nan	nan	nan	nan	nan	nan	nan	0.714	0.957	1.041	0.920	0.753	0.669	0.600	0.535	0.460	
10.000	0.416	0.406	0.562	0.616	0.922	0.970	0.868	0.875	0.552	0.532	0.481	0.466	0.308	0.382	0.499	0.708	0.884	0.824	0.898	0.804	0.746	0.616	0.570	0.625	0.398	0.586	0.557	0.760	0.821	0.904	0.736	0.817	nan	nan	nan	nan	nan	nan	nan	0.690	0.892	0.944	0.922	0.845	0.629	0.625	0.526	0.435	
10.167	0.414	0.375	0.535	0.603	0.950	0.993	0.878	0.902	0.561	0.552	0.482	0.445	0.321	0.376	0.508	0.687	0.840	0.874	0.857	0.795	0.737	0.647	0.567	0.606	0.399	0.600	0.524	0.778	0.843	0.916	0.752	0.829	nan	nan	nan	nan	nan	nan	nan	0.705	0.962	0.966	0.920	0.786	0.635	0.606	0.519	0.450	
10.333	0.396	0.376	0.521	0.613	0.913	0.954	0.868	0.886	0.538	0.549	0.444	0.399	0.320	0.358	0.468	0.707	0.826	0.797	0.913	0.815	0.723	0.660	0.555	0.590	0.390	0.580	0.528	0.766	0.812	0.926	0.740	0.807	nan	nan	nan	nan	nan	nan	nan	0.689	0.900	1.003	0.937	0.826	0.651	0.565	0.530	0.415	
10.500	0.395	0.365	0.518	0.586	0.869	1.008	0.838	0.839	0.546	0.540	0.459	0.405	0.291	0.367	0.468	0.726	0.897	0.877	0.881	0.816	0.726	0.612	0.548	0.576	0.364	0.543	0.526	0.755	0.822	0.956	0.723	0.789	nan	nan	nan	nan	nan	nan	nan	0.730	0.962	0.990	0.851	0.802	0.643	0.565	0.501	0.413	
10.667	0.386	0.355	0.488	0.597	0.881	0.966	0.824	0.846	0.550	0.529	0.481	0.451	0.284	0.371	0.505	0.648	0.833	0.850	0.867	0.801	0.707	0.622	0.503	0.570	0.371	0.559	0.539	0.739	0.857	0.942	0.719	0.827	nan	nan	nan	nan	nan	nan	nan	0.760	0.933	0.950	0.940	0.823	0.614	0.510	0.503	0.398	
10.833	0.350	0.348	0.504	0.564	0.878	0.956	0.872	0.837	0.578	0.546	0.466	0.416	0.263	0.373	0.468	0.693	0.878	0.825	0.905	0.822	0.700	0.629	0.503	0.526	0.351	0.547	0.512	0.757	0.831	0.879	0.743	0.802	nan	nan	nan	nan	nan	nan	nan	0.704	0.931	0.980	0.910	0.796	0.636	0.552	0.474	0.392	
11.000	0.371	0.336	0.447	0.609	0.857	1.003	0.888	0.861	0.547	0.536	0.487	0.390	0.263	0.348	0.463	0.655	0.854	0.844	0.873	0.809	0.683	0.582	0.496	0.566	0.358	0.552	0.492	0.764	0.799	0.973	0.776	0.806	nan	nan	nan	nan	nan	nan	nan	0.718	0.927	0.938	0.909	0.790	0.596	0.546	0.478	0.359	
11.167	0.364	0.343	0.447	0.566	0.838	0.984	0.835	0.820	0.527	0.532	0.411	0.403	0.262	0.380	0.446	0.685	0.793	0.801	0.895	0.746	0.710	0.586	0.481	0.501	0.357	0.523	0.461	0.727	0.798	0.895	0.761	0.854	nan	nan	nan	nan	nan	nan	nan	0.682	0.902	0.939	0.891	0.800	0.603	0.520	0.480	0.361	
11.333	0.342	0.321	0.456	0.574	0.845	1.000	0.818	0.840	0.524	0.522	0.428	0.397	0.280	0.362	0.440	0.672	0.780	0.817	0.924	0.787	0.704	0.581	0.509	0.510	0.343	0.516	0.468	0.743	0.790	0.925	0.713	0.807	nan	nan	nan	nan	nan	nan	nan	0.708	0.929	0.926	0.890	0.751	0.603	0.524	0.442	0.356	
11.500	0.325	0.310	0.427	0.571	0.850	0.933	0.801	0.789	0.526	0.498	0.426	0.378	0.267	0.377	0.433	0.647	0.803	0.800	0.907	0.811	0.669	0.592	0.493	0.535	0.338	0.504	0.433	0.716	0.766	0.920	0.782	0.808	nan	nan	nan	nan	nan	nan	nan	0.673	0.862	0.964	0.859	0.790	0.626	0.514	0.437	0.369	
11.667	0.311	0.296	0.431	0.546	0.791	0.930	0.771	0.754	0.523	0.501	0.427	0.372	0.271	0.347	0.436	0.672	0.768	0.789	0.899	0.756	0.666	0.567	0.474	0.509	0.338	0.484	0.435	0.690	0.807	0.932	0.720	0.816	nan	nan	nan	nan	nan	nan	nan	0.659	0.919	0.935	0.830	0.732	0.608	0.512	0.419	0.348	
11.833	0.305	0.299	0.399	0.514	0.795	0.899	0.735	0.756	0.545	0.520	0.461	0.367	0.261	0.363	0.435	0.649	0.752	0.790	0.882	0.775	0.637	0.541	0.468	0.480	0.322	0.511	0.438	0.692	0.763	0.857	0.689	0.767	nan	nan	nan	nan	nan	nan	nan	0.666	0.912	0.924	0.831	0.717	0.615	0.484	0.409	0.345	
12.000	0.332	0.307	0.400	0.544	0.795	0.946	0.775	0.762	0.534	0.475	0.400	0.339	0.262	0.364	0.447	0.608	0.695	0.774	0.868	0.750	0.632	0.578	0.457	0.475	0.317	0.479	0.427	0.672	0.789	0.877	0.702	0.738	nan	nan	nan	nan	nan	nan	nan	0.640	0.902	0.902	0.754	0.720	0.571	0.458	0.400	0.350	
12.167	0.295	0.303	0.380	0.506	0.808	0.896	0.768	0.742	0.502	0.487	0.436	0.339	0.250	0.343	0.410	0.602	0.708	0.763	0.893	0.755	0.634	0.530	0.435	0.472	0.339	0.470	0.403	0.698	0.721	0.874	0.698	0.766	nan	nan	nan	nan	nan	nan	nan	0.631	0.849	0.900	0.804	0.689	0.586	0.470	0.392	0.362	
12.333	0.308	0.287	0.376	0.515	0.733	0.847	0.780	0.738	0.466	0.475	0.430	0.342	0.247	0.338	0.445	0.621	0.669	0.719	0.832	0.731	0.618	0.499	0.424	0.454	0.326	0.467	0.426	0.667	0.667	0.821	0.702	0.725	nan	nan	nan	nan	nan	nan	nan	0.632	0.872	0.851	0.734	0.686	0.587	0.425	0.411	0.336	
12.500	0.302	0.289	0.410	0.514	0.720	0.849	0.744	0.723	0.468	0.490	0.428	0.342	0.269	0.322	0.430	0.585	0.638	0.708	0.841	0.719	0.605	0.519	0.434	0.463	0.327	0.415	0.430	0.673	0.729	0.840	0.690	0.722	nan	nan	nan	nan	nan	nan	nan	0.653	0.808	0.858	0.765	0.645	0.571	0.458	0.435	0.341	
12.667	0.309	0.271	0.391	0.493	0.707	0.840	0.781	0.746	0.480	0.451	0.422	0.337	0.255	0.327	0.443	0.609	0.684	0.698	0.799	0.683	0.609	0.522	0.438	0.472	0.357	0.439	0.399	0.618	0.716	0.795	0.673	0.709	nan	nan	nan	nan	nan	nan	nan	0.601	0.825	0.831	0.713	0.644	0.562	0.458	0.393	0.320	
12.833	0.326	0.284	0.380	0.527	0.702	0.806	0.712	0.670	0.463	0.457	0.401	0.329	0.268	0.317	0.439	0.587	0.631	0.698	0.776	0.661	0.603	0.493	0.455	0.448	0.342	0.466	0.408	0.655	0.671	0.799	0.650	0.734	nan	nan	nan	nan	nan	nan	nan	0.571	0.793	0.805	0.718	0.614	0.582	0.422	0.384	0.318	
13.000	0.319	0.274	0.375	0.503	0.681	0.796	0.650	0.699	0.442	0.445	0.425	0.344	0.268	0.316	0.437	0.561	0.651	0.669	0.748	0.650	0.604	0.492	0.439	0.441	0.334	0.433	0.391	0.621	0.680	0.761	0.627	0.681	nan	nan	nan	nan	nan	nan	nan	0.591	0.725	0.815	0.707	0.625	0.531	0.419	0.414	0.325	
13.167	0.306	0.276	0.360	0.451	0.690	0.811	0.681	0.669	0.441	0.450	0.415	0.332	0.256	0.332	0.442	0.549	0.638	0.632	0.766	0.613	0.570	0.472	0.431	0.453	0.344	0.439	0.400	0.643	0.637	0.755	0.623	0.687	nan	nan	nan	nan	nan	nan	nan	0.585	0.751	0.738	0.666	0.628	0.531	0.416	0.417	0.314	
13.333	0.291	0.269	0.387	0.467	0.663	0.741	0.681	0.642	0.440	0.433	0.384	0.343	0.248	0.317	0.450	0.548	0.605	0.619	0.710	0.604	0.579	0.491	0.427	0.450	0.344	0.449	0.412	0.571	0.625	0.728	0.631	0.669	nan	nan	nan	nan	nan	nan	nan	0.577	0.757	0.749	0.667	0.602	0.489	0.402	0.409	0.307	
13.500	0.300	0.265	0.354	0.451	0.658	0.719	0.665	0.648	0.423	0.425	0.385	0.342	0.264	0.315	0.424	0.498	0.598	0.596	0.721	0.576	0.548	0.453	0.411	0.439	0.321	0.418	0.407	0.573	0.612	0.752	0.586	0.652	nan	nan	nan	nan	nan	nan	nan	0.521	0.714	0.715	0.684	0.550	0.516	0.401	0.396	0.319	
13.667	0.315	0.258	0.339	0.489	0.617	0.708	0.660	0.635	0.420	0.429	0.397	0.323	0.274	0.316	0.415	0.529	0.576	0.568	0.665	0.573	0.572	0.453	0.427	0.429	0.327	0.416	0.401	0.567	0.573	0.696	0.582	0.639	nan	nan	nan	nan	nan	nan	nan	0.514	0.737	0.731	0.623	0.557	0.531	0.426	0.389	0.308	
13.833	0.316	0.275	0.359	0.454	0.632	0.633	0.631	0.612	0.428	0.417	0.386	0.324	0.258	0.321	0.415	0.503	0.564	0.579	0.656	0.593	0.546	0.456	0.437	0.448	0.348	0.405	0.393	0.546	0.556	0.654	0.557	0.596	nan	nan	nan	nan	nan	nan	nan	0.493	0.693	0.682	0.634	0.565	0.497	0.395	0.390	0.323	
14.000	0.314	0.259	0.349	0.470	0.615	0.701	0.606	0.630	0.422	0.428	0.395	0.334	0.256	0.301	0.415	0.512	0.559	0.559	0.671	0.536	0.532	0.458	0.391	0.440	0.330	0.402	0.377	0.555	0.544	0.693	0.572	0.590	nan	nan	nan	nan	nan	nan	nan	0.490	0.670	0.650	0.565	0.529	0.504	0.407	0.368	0.321	
14.167	0.305	0.274	0.350	0.430	0.579	0.661	0.585	0.592	0.434	0.408	0.396	0.342	0.257	0.318	0.424	0.505	0.539	0.553	0.604	0.559	0.521	0.453	0.427	0.435	0.357	0.408	0.374	0.590	0.567	0.652	0.538	0.613	nan	nan	nan	nan	nan	nan	nan	0.498	0.653	0.647	0.590	0.518	0.496	0.379	0.380	0.325	
14.333	0.299	0.269	0.346	0.418	0.590	0.641	0.573	0.591	0.420	0.414	0.394	0.319	0.267	0.310	0.408	0.499	0.560	0.562	0.599	0.505	0.576	0.463	0.412	0.426	0.345	0.377	0.364	0.561	0.563	0.648	0.542	0.580	nan	nan	nan	nan	nan	nan	nan	0.471	0.654	0.670	0.563	0.502	0.487	0.371	0.388	0.330	
14.500	0.325	0.277	0.366	0.459	0.593	0.607	0.580	0.586	0.427	0.433	0.398	0.340	0.246	0.304	0.410	0.471	0.530	0.495	0.628	0.548	0.533	0.430	0.413	0.409	0.379	0.388	0.396	0.560	0.548	0.649	0.508	0.565	nan	nan	nan	nan	nan	nan	nan	0.457	0.632	0.614	0.544	0.474	0.502	0.376	0.375	0.326	
14.667	0.317	0.259	0.359	0.410	0.554	0.577	0.576	0.552	0.425	0.414	0.377	0.354	0.262	0.313	0.388	0.470	0.519	0.511	0.565	0.510	0.519	0.444	0.424	0.399	0.379	0.352	0.380	0.542	0.502	0.617	0.504	0.556	nan	nan	nan	nan	nan	nan	nan	0.473	0.611	0.610	0.519	0.486	0.485	0.403	0.390	0.319	
14.833	0.308	0.270	0.372	0.422	0.571	0.558	0.559	0.540	0.425	0.406	0.365	0.335	0.250	0.295	0.425	0.464	0.543	0.516	0.546	0.526	0.514	0.450	0.423	0.424	0.349	0.358	0.378	0.519	0.515	0.585	0.501	0.552	nan	nan	nan	nan	nan	nan	nan	0.470	0.602	0.601	0.515	0.494	0.493	0.362	0.393	0.329	
15.000	0.326	0.262	0.362	0.436	0.539	0.561	0.536	0.558	0.431	0.416	0.389	0.328	0.263	0.304	0.391	0.496	0.492	0.501	0.506	0.492	0.546	0.468	0.410	0.438	0.360	0.352	0.351	0.520	0.505	0.549	0.499	0.559	nan	nan	nan	nan	nan	nan	nan	0.437	0.596	0.564	0.482	0.500	0.474	0.391	0.423	0.325	
15.167	0.315	0.252	0.353	0.394	0.546	0.544	0.541	0.532	0.414	0.418	0.397	0.348	0.257	0.305	0.405	0.477	0.486	0.491	0.538	0.533	0.520	0.438	0.428	0.412	0.353	0.350	0.395	0.526	0.482	0.574	0.493	0.506	nan	nan	nan	nan	nan	nan	nan	0.457	0.591	0.568	0.525	0.487	0.494	0.386	0.417	0.337	
15.333	0.327	0.271	0.366	0.404	0.534	0.545	0.538	0.524	0.416	0.420	0.390	0.365	0.273	0.323	0.383	0.430	0.482	0.480	0.519	0.501	0.530	0.443	0.405	0.409	0.339	0.384	0.396	0.496	0.467	0.574	0.499	0.540	nan	nan	nan	nan	nan	nan	nan	0.476	0.599	0.607	0.496	0.464	0.471	0.408	0.406	0.341	
15.500	0.326	0.270	0.348	0.426	0.547	0.525	0.535	0.513	0.437	0.434	0.400	0.329	0.269	0.314	0.401	0.439	0.505	0.483	0.529	0.479	0.514	0.447	0.432	0.390	0.370	0.361	0.389	0.500	0.485	0.535	0.484	0.515	nan	nan	nan	nan	nan	nan	nan	0.459	0.597	0.586	0.493	0.457	0.501	0.399	0.377	0.312	
15.667	0.312	0.262	0.364	0.382	0.534	0.537	0.523	0.500	0.413	0.441	0.391	0.322	0.255	0.306	0.384	0.445	0.488	0.493	0.519	0.504	0.532	0.457	0.434	0.381	0.362	0.376	0.395	0.481	0.461	0.542	0.459	0.528	nan	nan	nan	nan	nan	nan	nan	0.452	0.553	0.565	0.501	0.468	0.499	0.409	0.388	0.339	
15.833	0.307	0.268	0.342	0.391	0.510	0.507	0.542	0.508	0.401	0.431	0.392	0.335	0.257	0.306	0.388	0.452	0.474	0.476	0.505	0.472	0.520	0.454	0.413	0.412	0.377	0.358	0.386	0.487	0.452	0.515	0.479	0.504	nan	nan	nan	nan	nan	nan	nan	0.450	0.581	0.598	0.487	0.483	0.470	0.391	0.404	0.359	
16.000	0.314	0.272	0.360	0.407	0.524	0.544	0.542	0.497	0.413	0.466	0.407	0.327	0.243	0.306	0.368	0.445	0.472	0.475	0.499	0.482	0.559	0.464	0.439	0.433	0.368	0.366	0.370	0.498	0.434	0.513	0.473	0.525	nan	nan	nan	nan	nan	nan	nan	0.430	0.557	0.548	0.483	0.460	0.500	0.435	0.400	0.375	
16.167	0.298	0.267	0.357	0.401	0.522	0.542	0.505	0.525	0.409	0.480	0.398	0.348	0.265	0.305	0.375	0.473	0.465	0.489	0.474	0.486	0.553	0.457	0.448	0.416	0.366	0.363	0.386	0.522	0.454	0.531	0.469	0.504	nan	nan	nan	nan	nan	nan	nan	0.444	0.542	0.573	0.489	0.493	0.476	0.429	0.418	0.357	
16.333	0.304	0.283	0.356	0.403	0.520	0.500	0.528	0.501	0.453	0.493	0.415	0.338	0.264	0.311	0.393	0.473	0.474	0.475	0.467	0.479	0.572	0.471	0.457	0.415	0.371	0.373	0.403	0.511	0.444	0.504	0.477	0.527	nan	nan	nan	nan	nan	nan	nan	0.461	0.548	0.542	0.504	0.472	0.475	0.428	0.414	0.378	
16.500	0.276	0.270	0.365	0.425	0.529	0.498	0.551	0.496	0.444	0.508	0.401	0.342	0.266	0.327	0.395	0.448	0.460	0.488	0.450	0.478	0.584	0.500	0.479	0.424	0.384	0.368	0.372	0.529	0.435	0.507	0.457	0.505	nan	nan	nan	nan	nan	nan	nan	0.451	0.543	0.557	0.510	0.465	0.474	0.438	0.450	0.400	
16.667	0.298	0.282	0.352	0.415	0.505	0.533	0.513	0.499	0.437	0.499	0.436	0.346	0.279	0.323	0.409	0.459	0.463	0.462	0.461	0.490	0.557	0.514	0.459	0.434	0.401	0.387	0.395	0.532	0.444	0.508	0.486	0.513	nan	nan	nan	nan	nan	nan	nan	0.423	0.561	0.529	0.484	0.476	0.508	0.466	0.471	0.380	
16.833	0.278	0.294	0.397	0.398	0.508	0.550	0.550	0.524	0.432	0.525	0.435	0.353	0.281	0.312	0.397	0.462	0.483	0.454	0.445	0.489	0.572	0.506	0.465	0.424	0.401	0.377	0.407	0.530	0.441	0.486	0.478	0.547	nan	nan	nan	nan	nan	nan	nan	0.484	0.592	0.597	0.484	0.497	0.499	0.508	0.455	0.395	
17.000	0.300	0.295	0.422	0.427	0.514	0.547	0.537	0.507	0.441	0.547	0.465	0.348	0.264	0.310	0.401	0.465	0.484	0.464	0.486	0.486	0.605	0.517	0.486	0.444	0.419	0.367	0.415	0.540	0.463	0.524	0.468	0.527	nan	nan	nan	nan	nan	nan	nan	0.482	0.607	0.558	0.499	0.509	0.535	0.512	0.490	0.410	
17.167	0.288	0.295	0.440	0.434	0.539	0.524	0.529	0.498	0.474	0.554	0.450	0.379	0.281	0.314	0.420	0.461	0.500	0.490	0.497	0.494	0.593	0.567	0.547	0.447	0.441	0.390	0.413	0.514	0.436	0.492	0.468	0.517	nan	nan	nan	nan	nan	nan	nan	0.449	0.603	0.534	0.534	0.482	0.520	0.512	0.502	0.407	
17.333	0.280	0.294	0.392	0.403	0.546	0.569	0.560	0.504	0.466	0.566	0.492	0.364	0.279	0.335	0.439	0.486	0.512	0.498	0.465	0.503	0.629	0.612	0.535	0.457	0.432	0.407	0.402	0.562	0.462	0.558	0.444	0.538	nan	nan	nan	nan	nan	nan	nan	0.454	0.614	0.571	0.512	0.503	0.529	0.550	0.528	0.413	
17.500	0.291	0.310	0.406	0.431	0.563	0.560	0.580	0.520	0.485	0.568	0.527	0.382	0.296	0.323	0.423	0.477	0.500	0.472	0.470	0.516	0.645	0.612	0.572	0.472	0.451	0.401	0.409	0.575	0.440	0.532	0.469	0.543	nan	nan	nan	nan	nan	nan	nan	0.472	0.619	0.589	0.545	0.543	0.548	0.535	0.516	0.421	
17.667	0.312	0.300	0.393	0.415	0.572	0.548	0.569	0.557	0.516	0.592	0.502	0.393	0.290	0.328	0.428	0.509	0.501	0.471	0.483	0.542	0.672	0.621	0.543	0.487	0.448	0.402	0.427	0.570	0.447	0.551	0.495	0.540	nan	nan	nan	nan	nan	nan	nan	0.467	0.620	0.572	0.538	0.512	0.567	0.566	0.563	0.426	
17.833	0.300	0.300	0.418	0.484	0.562	0.573	0.606	0.551	0.512	0.628	0.530	0.407	0.303	0.350	0.425	0.517	0.543	0.523	0.470	0.571	0.682	0.663	0.568	0.492	0.486	0.403	0.431	0.573	0.481	0.554	0.493	0.531	nan	nan	nan	nan	nan	nan	nan	0.458	0.594	0.601	0.537	0.555	0.592	0.606	0.562	0.450	
18.000	0.308	0.325	0.395	0.461	0.586	0.572	0.656	0.548	0.551	0.641	0.533	0.405	0.303	0.361	0.460	0.509	0.520	0.515	0.485	0.540	0.684	0.655	0.586	0.503	0.467	0.423	0.440	0.587	0.459	0.545	0.500	0.541	nan	nan	nan	nan	nan	nan	nan	0.506	0.586	0.582	0.588	0.529	0.594	0.605	0.572	0.471	
18.167	0.311	0.334	0.414	0.477	0.564	0.623	0.603	0.581	0.519	0.684	0.577	0.444	0.326	0.357	0.468	0.564	0.546	0.520	0.485	0.568	0.758	0.678	0.594	0.542	0.501	0.450	0.433	0.589	0.481	0.572	0.476	0.590	nan	nan	nan	nan	nan	nan	nan	0.515	0.623	0.583	0.573	0.557	0.632	0.665	0.597	0.476	
18.333	0.336	0.328	0.407	0.478	0.644	0.655	0.658	0.565	0.553	0.691	0.586	0.423	0.332	0.358	0.478	0.558	0.547	0.529	0.524	0.598	0.775	0.676	0.610	0.547	0.518	0.458	0.438	0.634	0.504	0.579	0.494	0.593	nan	nan	nan	nan	nan	nan	nan	0.531	0.674	0.631	0.577	0.593	0.651	0.671	0.599	0.456	
18.500	0.339	0.359	0.448	0.480	0.601	0.649	0.624	0.597	0.578	0.689	0.581	0.461	0.304	0.373	0.485	0.541	0.548	0.534	0.537	0.601	0.759	0.721	0.594	0.537	0.519	0.451	0.477	0.641	0.518	0.602	0.503	0.586	nan	nan	nan	nan	nan	nan	nan	0.520	0.653	0.636	0.612	0.590	0.657	0.635	0.617	0.481	
18.667	0.326	0.356	0.443	0.472	0.611	0.679	0.629	0.589	0.564	0.722	0.618	0.481	0.325	0.369	0.477	0.565	0.554	0.590	0.559	0.638	0.793	0.722	0.638	0.548	0.558	0.462	0.491	0.670	0.529	0.584	0.525	0.615	nan	nan	nan	nan	nan	nan	nan	0.520	0.679	0.644	0.610	0.635	0.644	0.677	0.613	0.502	
18.833	0.309	0.360	0.458	0.495	0.676	0.660	0.651	0.593	0.595	0.719	0.595	0.483	0.355	0.407	0.489	0.575	0.619	0.593	0.550	0.670	0.861	0.725	0.629	0.528	0.537	0.492	0.474	0.644	0.562	0.634	0.556	0.675	nan	nan	nan	nan	nan	nan	nan	0.559	0.676	0.678	0.623	0.613	0.682	0.658	0.654	0.506	
19.000	0.338	0.364	0.425	0.513	0.629	0.731	0.704	0.650	0.602	0.758	0.595	0.506	0.344	0.405	0.511	0.608	0.576	0.579	0.545	0.653	0.865	0.732	0.658	0.552	0.589	0.492	0.487	0.709	0.553	0.646	0.550	0.670	nan	nan	nan	nan	nan	nan	nan	0.542	0.690	0.674	0.629	0.642	0.729	0.668	0.662	0.534	
19.167	0.346	0.377	0.437	0.507	0.693	0.721	0.715	0.662	0.647	0.766	0.603	0.500	0.351	0.423	0.543	0.613	0.598	0.607	0.572	0.712	0.872	0.815	0.664	0.552	0.540	0.489	0.480	0.706	0.573	0.641	0.580	0.681	nan	nan	nan	nan	nan	nan	nan	0.541	0.749	0.688	0.636	0.659	0.699	0.755	0.621	0.529	
19.333	0.327	0.390	0.485	0.508	0.673	0.792	0.697	0.680	0.663	0.804	0.671	0.501	0.368	0.441	0.555	0.593	0.574	0.628	0.583	0.699	0.894	0.803	0.654	0.574	0.562	0.503	0.483	0.655	0.584	0.648	0.596	0.683	nan	nan	nan	nan	nan	nan	nan	0.561	0.722	0.689	0.726	0.715	0.713	0.753	0.626	0.544	
19.500	0.360	0.369	0.473	0.517	0.710	0.752	0.753	0.674	0.676	0.776	0.621	0.473	0.354	0.439	0.534	0.597	0.620	0.697	0.599	0.708	0.910	0.751	0.652	0.591	0.608	0.522	0.501	0.702	0.622	0.679	0.616	0.724	nan	nan	nan	nan	nan	nan	nan	0.556	0.739	0.745	0.723	0.683	0.730	0.747	0.648	0.543	
19.667	0.338	0.377	0.476	0.516	0.723	0.772	0.743	0.664	0.658	0.803	0.631	0.511	0.389	0.451	0.511	0.645	0.620	0.706	0.604	0.739	0.933	0.795	0.677	0.629	0.566	0.543	0.498	0.718	0.608	0.707	0.645	0.692	nan	nan	nan	nan	nan	nan	nan	0.580	0.748	0.783	0.744	0.715	0.743	0.735	0.665	0.529	
19.833	0.326	0.391	0.467	0.540	0.711	0.764	0.752	0.659	0.699	0.773	0.658	0.502	0.360	0.444	0.537	0.650	0.611	0.707	0.650	0.738	0.935	0.763	0.711	0.608	0.618	0.554	0.509	0.699	0.630	0.709	0.645	0.752	nan	nan	nan	nan	nan	nan	nan	0.557	0.779	0.821	0.793	0.724	0.755	0.691	0.654	0.514	
20.000	0.350	0.392	0.486	0.518	0.761	0.815	0.765	0.697	0.688	0.792	0.653	0.501	0.382	0.453	0.539	0.623	0.629	0.709	0.635	0.784	0.949	0.835	0.664	0.630	0.561	0.520	0.490	0.756	0.661	0.694	0.664	0.749	nan	nan	nan	nan	nan	nan	nan	0.604	0.773	0.801	0.757	0.735	0.751	0.755	0.641	0.534	
20.167	0.344	0.371	0.492	0.560	0.762	0.830	0.819	0.740	0.717	0.765	0.602	0.494	0.379	0.437	0.534	0.602	0.659	0.736	0.666	0.819	0.947	0.800	0.696	0.616	0.580	0.535	0.483	0.756	0.639	0.726	0.686	0.828	nan	nan	nan	nan	nan	nan	nan	0.587	0.774	0.806	0.774	0.777	0.786	0.736	0.638	0.497	
20.333	0.342	0.384	0.476	0.567	0.790	0.846	0.796	0.728	0.720	0.752	0.667	0.520	0.362	0.431	0.533	0.623	0.664	0.774	0.690	0.803	0.967	0.800	0.690	0.591	0.576	0.536	0.502	0.684	0.673	0.754	0.696	0.772	nan	nan	nan	nan	nan	nan	nan	0.598	0.768	0.806	0.800	0.791	0.804	0.726	0.650	0.485	
20.500	0.360	0.375	0.531	0.563	0.774	0.847	0.829	0.784	0.724	0.785	0.628	0.510	0.353	0.451	0.567	0.610	0.646	0.821	0.707	0.780	0.893	0.827	0.673	0.623	0.583	0.528	0.495	0.750	0.699	0.760	0.685	0.822	nan	nan	nan	nan	nan	nan	nan	0.635	0.810	0.874	0.825	0.797	0.743	0.722	0.640	0.517	
20.667	0.354	0.368	0.463	0.529	0.802	0.912	0.868	0.800	0.710	0.790	0.609	0.488	0.336	0.434	0.559	0.639	0.654	0.777	0.738	0.873	0.943	0.803	0.692	0.604	0.588	0.536	0.494	0.743	0.692	0.775	0.698	0.862	nan	nan	nan	nan	nan	nan	nan	0.618	0.776	0.827	0.804	0.833	0.775	0.746	0.609	0.486	
20.833	0.366	0.384	0.470	0.506	0.848	0.856	0.805	0.805	0.691	0.761	0.595	0.484	0.377	0.433	0.545	0.628	0.698	0.798	0.680	0.874	0.944	0.774	0.652	0.622	0.546	0.529	0.491	0.700	0.701	0.823	0.745	0.837	nan	nan	nan	nan	nan	nan	nan	0.577	0.820	0.917	0.837	0.890	0.770	0.698	0.599	0.487	
21.000	0.351	0.352	0.462	0.538	0.829	0.863	0.856	0.791	0.702	0.770	0.601	0.470	0.369	0.421	0.539	0.605	0.694	0.816	0.747	0.886	0.941	0.768	0.588	0.586	0.566	0.545	0.487	0.728	0.710	0.808	0.759	0.859	nan	nan	nan	nan	nan	nan	nan	0.617	0.825	0.887	0.874	0.913	0.789	0.699	0.569	0.460	
21.167	0.349	0.357	0.485	0.538	0.827	0.936	0.830	0.828	0.679	0.740	0.597	0.469	0.381	0.435	0.502	0.592	0.709	0.846	0.707	0.876	0.945	0.748	0.604	0.608	0.564	0.521	0.491	0.720	0.753	0.848	0.784	0.887	nan	nan	nan	nan	nan	nan	nan	0.627	0.814	0.912	0.867	0.892	0.742	0.696	0.579	0.446	
21.333	0.344	0.366	0.431	0.520	0.841	0.911	0.939	0.819	0.658	0.730	0.592	0.478	0.358	0.396	0.501	0.631	0.704	0.861	0.776	0.896	0.921	0.715	0.597	0.570	0.540	0.531	0.467	0.735	0.726	0.811	0.757	0.876	nan	nan	nan	nan	nan	nan	nan	0.568	0.813	0.898	0.893	0.879	0.782	0.691	0.585	0.431	
21.500	0.349	0.351	0.397	0.509	0.893	0.945	0.881	0.856	0.677	0.732	0.568	0.446	0.346	0.398	0.475	0.575	0.713	0.882	0.778	0.935	0.944	0.721	0.599	0.552	0.528	0.544	0.454	0.718	0.747	0.822	0.799	0.893	nan	nan	nan	nan	nan	nan	nan	0.575	0.853	0.937	0.905	0.895	0.806	0.647	0.562	0.435	
21.667	0.331	0.372	0.390	0.493	0.830	0.940	0.898	0.834	0.627	0.667	0.540	0.435	0.334	0.375	0.472	0.554	0.710	0.914	0.808	0.912	0.943	0.683	0.555	0.545	0.549	0.516	0.453	0.652	0.754	0.853	0.817	0.873	nan	nan	nan	nan	nan	nan	nan	0.605	0.846	0.936	0.862	0.923	0.771	0.641	0.544	0.406	
21.833	0.317	0.347	0.387	0.518	0.889	0.980	0.859	0.806	0.629	0.644	0.535	0.424	0.331	0.369	0.447	0.580	0.754	0.873	0.774	0.924	0.878	0.695	0.540	0.531	0.505	0.487	0.416	0.664	0.712	0.883	0.827	0.854	nan	nan	nan	nan	nan	nan	nan	0.615	0.833	0.938	0.928	0.927	0.707	0.593	0.524	0.390	
22.000	0.306	0.331	0.397	0.472	0.892	0.964	0.915	0.800	0.591	0.698	0.471	0.397	0.321	0.350	0.433	0.562	0.713	0.878	0.789	0.864	0.859	0.662	0.545	0.514	0.479	0.474	0.418	0.642	0.754	0.873	0.796	0.855	nan	nan	nan	nan	nan	nan	nan	0.602	0.856	0.938	0.902	0.898	0.740	0.573	0.558	0.381	
22.167	0.298	0.327	0.391	0.498	0.867	0.984	0.828	0.839	0.561	0.644	0.480	0.384	0.286	0.343	0.418	0.547	0.713	0.930	0.778	0.888	0.854	0.619	0.504	0.497	0.453	0.459	0.391	0.631	0.760	0.889	0.816	0.868	nan	nan	nan	nan	nan	nan	nan	0.606	0.858	0.972	0.933	0.882	0.702	0.551	0.493	0.368	
22.333	0.298	0.310	0.360	0.502	0.862	0.938	0.867	0.804	0.544	0.604	0.480	0.391	0.303	0.343	0.406	0.529	0.725	0.887	0.768	0.902	0.824	0.620	0.488	0.485	0.424	0.462	0.402	0.659	0.760	0.924	0.818	0.875	nan	nan	nan	nan	nan	nan	nan	0.589	0.810	0.956	0.925	0.878	0.665	0.519	0.463	0.367	
22.500	0.289	0.304	0.347	0.492	0.917	0.978	0.850	0.815	0.553	0.573	0.451	0.366	0.299	0.315	0.411	0.502	0.726	0.909	0.792	0.892	0.794	0.614	0.447	0.483	0.420	0.450	0.387	0.622	0.769	0.885	0.801	0.861	nan	nan	nan	nan	nan	nan	nan	0.563	0.817	0.921	0.891	0.928	0.632	0.532	0.447	0.335	
22.667	0.304	0.295	0.334	0.475	0.827	0.929	0.876	0.753	0.525	0.544	0.462	0.357	0.276	0.301	0.393	0.514	0.730	0.923	0.800	0.836	0.797	0.611	0.438	0.457	0.414	0.425	0.390	0.587	0.734	0.890	0.830	0.873	nan	nan	nan	nan	nan	nan	nan	0.523	0.811	0.928	0.899	0.878	0.630	0.495	0.442	0.318	
22.833	0.292	0.279	0.320	0.429	0.871	0.911	0.874	0.769	0.506	0.508	0.402	0.349	0.277	0.316	0.409	0.555	0.677	0.927	0.804	0.788	0.743	0.560	0.427	0.438	0.379	0.418	0.379	0.556	0.775	0.876	0.867	0.827	nan	nan	nan	nan	nan	nan	nan	0.549	0.808	0.905	0.879	0.843	0.594	0.498	0.408	0.310	
23.000	0.282	0.272	0.304	0.452	0.866	0.895	0.900	0.730	0.520	0.498	0.408	0.336	0.262	0.297	0.392	0.541	0.677	0.869	0.811	0.785	0.746	0.524	0.398	0.398	0.375	0.406	0.347	0.562	0.740	0.859	0.792	0.829	nan	nan	nan	nan	nan	nan	nan	0.550	0.764	0.912	0.821	0.808	0.593	0.491	0.416	0.317	
23.167	0.278	0.261	0.305	0.440	0.847	0.926	0.828	0.739	0.483	0.475	0.402	0.313	0.246	0.283	0.386	0.470	0.650	0.913	0.779	0.765	0.706	0.543	0.396	0.391	0.359	0.408	0.368	0.565	0.733	0.851	0.814	0.831	nan	nan	nan	nan	nan	nan	nan	0.489	0.834	0.925	0.876	0.792	0.595	0.452	0.378	0.286	
23.333	0.277	0.276	0.308	0.434	0.896	0.908	0.872	0.732	0.500	0.456	0.405	0.295	0.255	0.277	0.380	0.462	0.702	0.932	0.745	0.756	0.687	0.547	0.380	0.382	0.347	0.382	0.335	0.539	0.737	0.928	0.777	0.810	nan	nan	nan	nan	nan	nan	nan	0.509	0.788	0.953	0.841	0.776	0.561	0.461	0.391	0.296	
23.500	0.278	0.270	0.329	0.417	0.873	0.871	0.791	0.745	0.463	0.458	0.392	0.300	0.229	0.264	0.368	0.465	0.683	0.946	0.710	0.745	0.684	0.504	0.386	0.395	0.341	0.359	0.331	0.537	0.729	0.911	0.788	0.774	nan	nan	nan	nan	nan	nan	nan	0.490	0.741	0.964	0.836	0.801	0.566	0.426	0.379	0.294	
23.667	0.255	0.265	0.305	0.437	0.787	0.827	0.779	0.698	0.458	0.442	0.377	0.297	0.222	0.273	0.374	0.474	0.672	0.946	0.725	0.746	0.671	0.497	0.395	0.371	0.317	0.347	0.355	0.516	0.728	0.852	0.763	0.781	nan	nan	nan	nan	nan	nan	nan	0.450	0.771	0.850	0.826	0.748	0.540	0.442	0.392	0.280	
23.833	0.257	0.260	0.300	0.415	0.789	0.814	0.742	0.676	0.449	0.440	0.362	0.278	0.219	0.266	0.363	0.453	0.662	0.854	0.733	0.730	0.676	0.495	0.373	0.369	0.303	0.340	0.345	0.525	0.688	0.807	0.736	0.752	nan	nan	nan	nan	nan	nan	nan	0.461	0.745	0.884	0.774	0.745	0.547	0.414	0.378	0.276	
